ÈÕÆÚ,¹ÉÆ±´úÂë,Ãû³Æ,ÊÕÅÌ¼Û,×î¸ß¼Û,×îµÍ¼Û,¿ªÅÌ¼Û,Ç°ÊÕÅÌ,ÕÇµø¶î,ÕÇµø·ù,»»ÊÖÂÊ,³É½»Á¿,³É½»½ð¶î,×ÜÊÐÖµ,Á÷Í¨ÊÐÖµ
2018-01-24,'002038,Ë«ðØÒ©Òµ,33.15,33.49,32.2,32.29,32.2,0.95,2.9503,1.3247,9073202,299383925.42,22704435000.0,22704435000.0
2018-01-23,'002038,Ë«ðØÒ©Òµ,32.2,32.5,32.01,32.23,32.15,0.05,0.1555,0.4418,3026025,97560796.38,22053780000.0,22053780000.0
2018-01-22,'002038,Ë«ðØÒ©Òµ,32.15,32.2,31.3,31.36,31.35,0.8,2.5518,0.6006,4113586,131152215.45,22019535000.0,22019535000.0
2018-01-19,'002038,Ë«ðØÒ©Òµ,31.35,31.85,31.23,31.81,31.82,-0.47,-1.4771,0.633,4335265,136641411.65,21471615000.0,21471615000.0
2018-01-18,'002038,Ë«ðØÒ©Òµ,31.82,32.14,31.71,31.76,31.95,-0.13,-0.4069,0.3834,2626238,83857866.82,21793518000.0,21793518000.0
2018-01-17,'002038,Ë«ðØÒ©Òµ,31.95,32.45,31.5,32.45,32.41,-0.46,-1.4193,0.7587,5196547,165886481.98,21882555000.0,21882555000.0
2018-01-16,'002038,Ë«ðØÒ©Òµ,32.41,32.66,31.69,31.93,32.0,0.41,1.2813,0.6806,4661660,150266661.32,22197609000.0,22197609000.0
2018-01-15,'002038,Ë«ðØÒ©Òµ,32.0,33.01,31.76,32.66,32.79,-0.79,-2.4093,1.0179,6971793,226851874.15,21916800000.0,21916800000.0
2018-01-12,'002038,Ë«ðØÒ©Òµ,32.79,32.99,32.17,32.17,32.24,0.55,1.706,1.0679,7314200,239177737.14,22457871000.0,22457871000.0
2018-01-11,'002038,Ë«ðØÒ©Òµ,32.24,32.85,31.56,31.66,31.79,0.45,1.4155,1.0444,7153096,231957280.55,22081176000.0,22081176000.0
2018-01-10,'002038,Ë«ðØÒ©Òµ,31.79,31.96,31.46,31.9,32.06,-0.27,-0.8422,0.8076,5531166,175293471.92,21772971000.0,21772971000.0
2018-01-09,'002038,Ë«ðØÒ©Òµ,32.06,32.09,30.0,30.92,31.12,0.94,3.0206,1.8329,12553509,389131533.69,21957894000.0,21957894000.0
2018-01-08,'002038,Ë«ðØÒ©Òµ,31.12,31.63,30.87,31.6,31.48,-0.36,-1.1436,0.6929,4745985,147450169.81,21314088000.0,21314088000.0
2018-01-05,'002038,Ë«ðØÒ©Òµ,31.48,32.1,31.32,32.05,31.95,-0.47,-1.471,0.8117,5559176,175671544.1,21560652000.0,21560652000.0
2018-01-04,'002038,Ë«ðØÒ©Òµ,31.95,32.5,31.56,31.77,31.55,0.4,1.2678,1.044,7150165,229444008.87,21882555000.0,21882555000.0
2018-01-03,'002038,Ë«ðØÒ©Òµ,31.55,31.77,31.34,31.38,31.21,0.34,1.0894,0.7102,4864103,153557129.64,21608595000.0,21608595000.0
2018-01-02,'002038,Ë«ðØÒ©Òµ,31.21,31.59,30.97,31.01,30.97,0.24,0.7749,0.8734,5981865,186859621.83,21375729000.0,21375729000.0
2017-12-29,'002038,Ë«ðØÒ©Òµ,30.97,32.3,30.96,31.89,32.04,-1.07,-3.3396,1.0657,7299042,229382563.79,21211353000.0,21211353000.0
2017-12-28,'002038,Ë«ðØÒ©Òµ,32.04,32.3,31.44,31.89,31.66,0.38,1.2003,0.5178,3546245,113282981.71,21944196000.0,21944196000.0
2017-12-27,'002038,Ë«ðØÒ©Òµ,31.66,32.66,31.62,32.58,32.62,-0.96,-2.943,0.6933,4748347,151681833.94,21683934000.0,21683934000.0
2017-12-26,'002038,Ë«ðØÒ©Òµ,32.62,32.71,31.75,32.1,32.16,0.46,1.4303,0.6116,4188554,134773191.34,22341438000.0,22341438000.0
2017-12-25,'002038,Ë«ðØÒ©Òµ,32.16,33.33,32.02,33.05,33.04,-0.88,-2.6634,1.0336,7079458,229287961.45,22026384000.0,22026384000.0
2017-12-22,'002038,Ë«ðØÒ©Òµ,33.04,33.44,32.2,32.2,32.44,0.6,1.8496,0.9732,6665735,220511030.31,22629096000.0,22629096000.0
2017-12-21,'002038,Ë«ðØÒ©Òµ,32.44,32.95,31.2,31.73,31.68,0.76,2.399,1.1768,8059777,259219220.49,22218156000.0,22218156000.0
2017-12-20,'002038,Ë«ðØÒ©Òµ,31.68,32.9,31.62,32.77,32.79,-1.11,-3.3852,0.9811,6719804,216452491.58,21697632000.0,21697632000.0
2017-12-19,'002038,Ë«ðØÒ©Òµ,32.79,32.79,31.6,32.1,31.48,1.31,4.1614,1.3452,9212986,297411071.1,22457871000.0,22457871000.0
2017-12-18,'002038,Ë«ðØÒ©Òµ,31.48,33.2,31.37,32.6,32.68,-1.2,-3.672,1.363,9335215,300250241.65,21560652000.0,21560652000.0
2017-12-15,'002038,Ë«ðØÒ©Òµ,32.68,33.95,32.62,33.94,33.95,-1.27,-3.7408,1.2145,8317936,277394221.06,22382532000.0,22382532000.0
2017-12-14,'002038,Ë«ðØÒ©Òµ,33.95,34.18,33.5,33.82,33.68,0.27,0.8017,0.8887,6086543,206312960.64,23252355000.0,23252355000.0
2017-12-13,'002038,Ë«ðØÒ©Òµ,33.68,34.11,33.0,33.99,33.81,-0.13,-0.3845,1.0463,7166208,240036643.49,23067432000.0,23067432000.0
2017-12-12,'002038,Ë«ðØÒ©Òµ,33.81,34.89,33.81,34.0,34.1,-0.29,-0.8504,1.4313,9803264,336721709.8,23156469000.0,23156469000.0
2017-12-11,'002038,Ë«ðØÒ©Òµ,34.1,34.26,33.1,33.1,33.35,0.75,2.2489,1.4486,9921718,336022754.94,23355090000.0,23355090000.0
2017-12-08,'002038,Ë«ðØÒ©Òµ,33.35,33.55,32.75,32.89,33.3,0.05,0.1502,1.3932,9541738,316305175.23,22841415000.0,22841415000.0
2017-12-07,'002038,Ë«ðØÒ©Òµ,33.3,34.65,33.3,33.96,33.88,-0.58,-1.7119,1.5134,10365187,352327055.54,22807170000.0,22807170000.0
2017-12-06,'002038,Ë«ðØÒ©Òµ,33.88,34.78,32.91,33.8,34.28,-0.4,-1.1669,2.3158,15860700,536557123.76,23204412000.0,23204412000.0
2017-12-05,'002038,Ë«ðØÒ©Òµ,34.28,37.28,33.7,37.01,36.98,-2.7,-7.3012,3.3007,22606488,799445330.41,23478372000.0,23478372000.0
2017-12-04,'002038,Ë«ðØÒ©Òµ,36.98,39.85,36.21,39.85,40.06,-3.08,-7.6885,4.1102,28150624,1074168066.24,25327602000.0,25327602000.0
2017-12-01,'002038,Ë«ðØÒ©Òµ,40.06,40.18,38.6,38.6,38.08,1.98,5.1996,2.625,17978758,710481797.14,27437094000.0,27437094000.0
2017-11-30,'002038,Ë«ðØÒ©Òµ,38.08,39.31,37.75,39.31,39.19,-1.11,-2.8324,1.9303,13220738,507091499.47,26080992000.0,26080992000.0
2017-11-29,'002038,Ë«ðØÒ©Òµ,39.19,39.5,37.45,37.99,38.2,0.99,2.5916,2.3425,16043489,621458217.25,26841231000.0,26841231000.0
2017-11-28,'002038,Ë«ðØÒ©Òµ,38.2,39.03,37.01,37.9,38.03,0.17,0.447,2.3235,15913976,604886668.17,26163180000.0,26163180000.0
2017-11-27,'002038,Ë«ðØÒ©Òµ,38.03,39.45,37.01,38.0,36.96,1.07,2.895,3.4683,23754274,911648344.4,26046747000.0,26046747000.0
2017-11-24,'002038,Ë«ðØÒ©Òµ,36.96,37.51,34.3,35.4,34.1,2.86,8.3871,3.3416,22886371,829514353.89,25313904000.0,25313904000.0
2017-11-23,'002038,Ë«ðØÒ©Òµ,34.1,35.87,34.05,35.17,35.0,-0.9,-2.5714,1.3961,9561997,334639263.62,23355090000.0,23355090000.0
2017-11-22,'002038,Ë«ðØÒ©Òµ,35.0,35.24,34.01,34.3,34.31,0.69,2.0111,1.3647,9346548,325189327.85,23971500000.0,23971500000.0
2017-11-21,'002038,Ë«ðØÒ©Òµ,34.31,34.97,33.73,34.53,34.65,-0.34,-0.9812,1.2631,8651178,296424431.72,23498919000.0,23498919000.0
2017-11-20,'002038,Ë«ðØÒ©Òµ,34.65,34.7,32.61,32.92,33.09,1.56,4.7144,1.3164,9016080,305607772.09,23731785000.0,23731785000.0
2017-11-17,'002038,Ë«ðØÒ©Òµ,33.09,34.12,32.8,34.1,34.1,-1.01,-2.9619,1.0892,7459743,249180206.68,22663341000.0,22663341000.0
2017-11-16,'002038,Ë«ðØÒ©Òµ,34.1,34.48,33.25,33.85,33.75,0.35,1.037,1.0129,6937657,234904214.26,23355090000.0,23355090000.0
2017-11-15,'002038,Ë«ðØÒ©Òµ,33.75,34.4,33.33,34.18,34.49,-0.74,-2.1455,1.2175,8338631,282139092.96,23115375000.0,23115375000.0
2017-11-14,'002038,Ë«ðØÒ©Òµ,34.49,34.78,33.8,34.54,34.66,-0.17,-0.4905,1.459,9992706,343368656.8,23622201000.0,23622201000.0
2017-11-13,'002038,Ë«ðØÒ©Òµ,34.66,34.79,33.84,34.53,34.52,0.14,0.4056,1.5386,10537935,361939020.13,23738634000.0,23738634000.0
2017-11-10,'002038,Ë«ðØÒ©Òµ,34.52,35.24,34.25,35.1,35.21,-0.69,-1.9597,2.1473,14706740,509776576.49,23642748000.0,23642748000.0
2017-11-09,'002038,Ë«ðØÒ©Òµ,35.21,35.21,31.71,32.18,32.01,3.2,9.9969,2.9463,20178934,680921796.61,24115329000.0,24115329000.0
2017-11-08,'002038,Ë«ðØÒ©Òµ,32.01,33.18,31.7,32.75,32.88,-0.87,-2.646,2.2197,15202855,491692808.71,21923649000.0,21923649000.0
2017-11-07,'002038,Ë«ðØÒ©Òµ,32.88,33.44,32.24,32.89,32.08,0.8,2.4938,3.0253,20720031,680096216.41,22519512000.0,22519512000.0
2017-11-06,'002038,Ë«ðØÒ©Òµ,32.08,34.89,32.01,34.19,34.15,-2.07,-6.0615,3.0833,21117479,706274053.0,21971592000.0,21971592000.0
2017-11-03,'002038,Ë«ðØÒ©Òµ,34.15,34.94,33.81,34.5,34.35,-0.2,-0.5822,1.2422,8508124,291673428.69,23389335000.0,23389335000.0
2017-11-02,'002038,Ë«ðØÒ©Òµ,34.35,34.41,33.13,33.32,33.01,1.34,4.0594,1.9845,13591833,461355222.29,23526315000.0,23526315000.0
2017-11-01,'002038,Ë«ðØÒ©Òµ,33.01,34.68,32.71,33.58,33.26,-0.25,-0.7517,2.8739,19683582,663370423.44,22608549000.0,22608549000.0
2017-10-31,'002038,Ë«ðØÒ©Òµ,33.26,33.4,31.3,31.57,31.4,1.86,5.9236,1.8829,12896234,420600207.21,22779774000.0,22779774000.0
2017-10-30,'002038,Ë«ðØÒ©Òµ,31.4,31.98,30.93,31.79,31.79,-0.39,-1.2268,1.6547,11333187,356230433.49,21505860000.0,21505860000.0
2017-10-27,'002038,Ë«ðØÒ©Òµ,31.79,32.57,30.4,30.7,29.62,2.17,7.3261,2.4308,16648351,521857551.23,21772971000.0,21772971000.0
2017-10-26,'002038,Ë«ðØÒ©Òµ,29.62,29.86,29.39,29.48,29.48,0.14,0.4749,0.6268,4292630,127225896.88,20286738000.0,20286738000.0
2017-10-25,'002038,Ë«ðØÒ©Òµ,29.48,29.52,29.06,29.11,29.2,0.28,0.9589,0.4507,3086869,90473112.22,20190852000.0,20190852000.0
2017-10-24,'002038,Ë«ðØÒ©Òµ,29.2,29.84,29.03,29.7,29.7,-0.5,-1.6835,0.5964,4084689,119880099.03,19999080000.0,19999080000.0
2017-10-23,'002038,Ë«ðØÒ©Òµ,29.7,29.77,29.2,29.45,29.32,0.38,1.296,0.6742,4617814,136464780.27,20341530000.0,20341530000.0
2017-10-20,'002038,Ë«ðØÒ©Òµ,29.32,29.99,29.01,29.7,29.71,-0.39,-1.3127,0.9366,6414631,188073118.67,20081268000.0,20081268000.0
2017-10-19,'002038,Ë«ðØÒ©Òµ,29.71,30.32,29.0,29.27,29.16,0.55,1.8861,1.5509,10622152,315763700.93,20348379000.0,20348379000.0
2017-10-18,'002038,Ë«ðØÒ©Òµ,29.16,29.29,28.25,28.25,28.28,0.88,3.1117,1.0739,7355170,211967464.85,19971684000.0,19971684000.0
2017-10-17,'002038,Ë«ðØÒ©Òµ,28.28,28.44,27.81,27.92,27.97,0.31,1.1083,0.3983,2727899,76854486.7,19368972000.0,19368972000.0
2017-10-16,'002038,Ë«ðØÒ©Òµ,27.97,28.7,27.9,28.68,28.6,-0.63,-2.2028,0.6572,4501500,126966496.67,19156653000.0,19156653000.0
2017-10-13,'002038,Ë«ðØÒ©Òµ,28.6,28.94,28.51,28.69,28.7,-0.1,-0.3484,0.5358,3669391,105379972.04,19588140000.0,19588140000.0
2017-10-12,'002038,Ë«ðØÒ©Òµ,28.7,29.22,28.51,28.79,28.37,0.33,1.1632,0.948,6492814,187652104.16,19656630000.0,19656630000.0
2017-10-11,'002038,Ë«ðØÒ©Òµ,28.37,29.0,28.16,28.51,28.5,-0.13,-0.4561,0.8741,5986389,170915781.8,19430613000.0,19430613000.0
2017-10-10,'002038,Ë«ðØÒ©Òµ,28.5,28.69,27.95,28.14,27.94,0.56,2.0043,0.9281,6356463,180723719.69,19519650000.0,19519650000.0
2017-10-09,'002038,Ë«ðØÒ©Òµ,27.94,28.5,27.3,27.3,27.16,0.78,2.8719,0.6137,4203381,118131688.72,19136106000.0,19136106000.0
2017-09-29,'002038,Ë«ðØÒ©Òµ,27.16,27.38,26.94,27.1,27.14,0.02,0.0737,0.3442,2357594,63947176.34,18601884000.0,18601884000.0
2017-09-28,'002038,Ë«ðØÒ©Òµ,27.14,27.74,27.11,27.72,27.74,-0.6,-2.1629,0.4635,3174771,86844114.97,18588186000.0,18588186000.0
2017-09-27,'002038,Ë«ðØÒ©Òµ,27.74,27.98,27.7,27.83,27.76,-0.02,-0.072,0.1871,1281300,35624153.59,18999126000.0,18999126000.0
2017-09-26,'002038,Ë«ðØÒ©Òµ,27.76,27.96,27.66,27.91,27.96,-0.2,-0.7153,0.2345,1605906,44623375.2,19012824000.0,19012824000.0
2017-09-25,'002038,Ë«ðØÒ©Òµ,27.96,28.13,27.88,27.91,27.9,0.06,0.2151,0.1754,1201100,33629602.0,19149804000.0,19149804000.0
2017-09-22,'002038,Ë«ðØÒ©Òµ,27.9,28.19,27.8,28.02,28.01,-0.11,-0.3927,0.3006,2058620,57491994.0,19108710000.0,19108710000.0
2017-09-21,'002038,Ë«ðØÒ©Òµ,28.01,28.48,28.01,28.24,28.22,-0.21,-0.7442,0.3879,2656614,74994803.85,19184049000.0,19184049000.0
2017-09-20,'002038,Ë«ðØÒ©Òµ,28.22,28.74,28.09,28.63,28.6,-0.38,-1.3287,0.578,3958556,111921802.06,19327878000.0,19327878000.0
2017-09-19,'002038,Ë«ðØÒ©Òµ,28.6,29.08,28.41,28.46,28.39,0.21,0.7397,0.9244,6330935,182593768.93,19588140000.0,19588140000.0
2017-09-18,'002038,Ë«ðØÒ©Òµ,28.39,28.5,28.1,28.38,28.38,0.01,0.0352,0.3809,2609023,73932482.69,19444311000.0,19444311000.0
2017-09-15,'002038,Ë«ðØÒ©Òµ,28.38,28.56,28.01,28.1,28.06,0.32,1.1404,0.6639,4547062,128862291.0,19437462000.0,19437462000.0
2017-09-14,'002038,Ë«ðØÒ©Òµ,28.06,28.4,27.8,27.8,27.88,0.18,0.6456,0.4971,3404501,95861407.18,19218294000.0,19218294000.0
2017-09-13,'002038,Ë«ðØÒ©Òµ,27.88,28.03,27.7,27.87,27.86,0.02,0.0718,0.3503,2399350,66793897.0,19095012000.0,19095012000.0
2017-09-12,'002038,Ë«ðØÒ©Òµ,27.86,28.1,27.68,27.85,27.89,-0.03,-0.1076,0.5864,4016587,111868102.73,19081314000.0,19081314000.0
2017-09-11,'002038,Ë«ðØÒ©Òµ,27.89,28.38,27.68,28.2,28.25,-0.36,-1.2743,0.6682,4576769,127994326.0,19101861000.0,19101861000.0
2017-09-08,'002038,Ë«ðØÒ©Òµ,28.25,28.37,27.86,28.13,28.15,0.1,0.3552,0.6636,4545261,127663364.07,19348425000.0,19348425000.0
2017-09-07,'002038,Ë«ðØÒ©Òµ,28.15,28.57,27.71,28.16,28.07,0.08,0.285,0.8602,5891430,165995837.59,19279935000.0,19279935000.0
2017-09-06,'002038,Ë«ðØÒ©Òµ,28.07,28.96,27.71,27.89,28.03,0.04,0.1427,1.2717,8709765,246392589.57,19225143000.0,19225143000.0
2017-09-05,'002038,Ë«ðØÒ©Òµ,28.03,28.42,26.16,26.26,26.13,1.9,7.2713,1.7418,11929564,326968255.15,19197747000.0,19197747000.0
2017-09-04,'002038,Ë«ðØÒ©Òµ,26.13,26.23,26.02,26.05,26.07,0.06,0.2301,0.344,2355765,61505030.79,17896437000.0,17896437000.0
2017-09-01,'002038,Ë«ðØÒ©Òµ,26.07,26.35,25.84,26.28,26.27,-0.2,-0.7613,0.4127,2826272,73505331.0,17855343000.0,17855343000.0
2017-08-31,'002038,Ë«ðØÒ©Òµ,26.27,26.42,26.19,26.32,26.28,-0.01,-0.0381,0.3793,2597500,68287477.89,17992323000.0,17992323000.0
2017-08-30,'002038,Ë«ðØÒ©Òµ,26.28,26.3,25.88,25.95,25.98,0.3,1.1547,0.4873,3337207,87179613.1,17999172000.0,17999172000.0
2017-08-29,'002038,Ë«ðØÒ©Òµ,25.98,26.42,25.91,26.3,26.35,-0.37,-1.4042,0.4325,2962032,77335559.43,17793702000.0,17793702000.0
2017-08-28,'002038,Ë«ðØÒ©Òµ,26.35,26.5,26.05,26.2,26.25,0.1,0.381,0.4051,2774402,73123857.49,18047115000.0,18047115000.0
2017-08-25,'002038,Ë«ðØÒ©Òµ,26.25,26.34,25.79,25.84,25.83,0.42,1.626,0.4304,2947914,77229460.2,17978625000.0,17978625000.0
2017-08-24,'002038,Ë«ðØÒ©Òµ,25.83,25.96,25.72,25.8,25.83,0.0,0.0,0.2615,1790688,46302268.8,17690967000.0,17690967000.0
2017-08-23,'002038,Ë«ðØÒ©Òµ,25.83,25.96,25.7,25.75,25.75,0.08,0.3107,0.2112,1446239,37322787.2,17690967000.0,17690967000.0
2017-08-22,'002038,Ë«ðØÒ©Òµ,25.75,26.26,25.7,26.23,26.23,-0.48,-1.83,0.4925,3373104,87325678.59,17636175000.0,17636175000.0
2017-08-21,'002038,Ë«ðØÒ©Òµ,26.23,26.42,26.15,26.32,26.28,-0.05,-0.1903,0.2784,1906706,50007960.32,17964927000.0,17964927000.0
2017-08-18,'002038,Ë«ðØÒ©Òµ,26.28,26.58,26.18,26.27,26.28,0.0,0.0,0.2268,1553527,40970511.58,17999172000.0,17999172000.0
2017-08-17,'002038,Ë«ðØÒ©Òµ,26.28,26.64,26.27,26.5,26.5,-0.22,-0.8302,0.2976,2038379,53696897.2,17999172000.0,17999172000.0
2017-08-16,'002038,Ë«ðØÒ©Òµ,26.5,26.61,26.11,26.34,26.31,0.19,0.7222,0.3545,2428049,63943029.69,18149850000.0,18149850000.0
2017-08-15,'002038,Ë«ðØÒ©Òµ,26.31,26.58,26.08,26.08,26.02,0.29,1.1145,0.3437,2353835,62010118.01,18019719000.0,18019719000.0
2017-08-14,'002038,Ë«ðØÒ©Òµ,26.02,26.05,25.72,25.8,25.69,0.33,1.2845,0.2939,2012808,52236633.88,17821098000.0,17821098000.0
2017-08-11,'002038,Ë«ðØÒ©Òµ,25.69,26.08,25.56,26.0,26.08,-0.39,-1.4954,0.361,2472729,63813903.33,17595081000.0,17595081000.0
2017-08-10,'002038,Ë«ðØÒ©Òµ,26.08,26.49,25.92,26.0,26.08,0.0,0.0,0.3685,2523929,66127121.37,17862192000.0,17862192000.0
2017-08-09,'002038,Ë«ðØÒ©Òµ,26.08,26.26,25.5,25.69,25.79,0.29,1.1245,0.3677,2518390,65554879.89,17862192000.0,17862192000.0
2017-08-08,'002038,Ë«ðØÒ©Òµ,25.79,26.0,25.69,26.0,26.0,-0.21,-0.8077,0.2848,1950717,50364116.73,17663571000.0,17663571000.0
2017-08-07,'002038,Ë«ðØÒ©Òµ,26.0,26.0,25.71,25.85,25.8,0.2,0.7752,0.2241,1534538,39707941.97,17807400000.0,17807400000.0
2017-08-04,'002038,Ë«ðØÒ©Òµ,25.8,26.5,25.75,26.5,26.5,-0.7,-2.6415,0.47,3219098,83943119.62,17670420000.0,17670420000.0
2017-08-03,'002038,Ë«ðØÒ©Òµ,26.5,26.66,26.29,26.66,26.37,0.13,0.493,0.2085,1428219,37732960.34,18149850000.0,18149850000.0
2017-08-02,'002038,Ë«ðØÒ©Òµ,26.37,26.77,26.33,26.45,26.56,-0.19,-0.7154,0.2381,1631054,43158284.19,18060813000.0,18060813000.0
2017-08-01,'002038,Ë«ðØÒ©Òµ,26.56,26.85,26.39,26.72,26.72,-0.16,-0.5988,0.3949,2704788,71777373.32,18190944000.0,18190944000.0
2017-07-31,'002038,Ë«ðØÒ©Òµ,26.72,27.17,26.38,26.71,26.7,0.02,0.0749,0.5504,3769529,101007507.68,18300528000.0,18300528000.0
2017-07-28,'002038,Ë«ðØÒ©Òµ,26.7,26.85,26.02,26.19,26.18,0.52,1.9862,0.4715,3229470,85604248.33,18286830000.0,18286830000.0
2017-07-27,'002038,Ë«ðØÒ©Òµ,26.18,26.2,25.75,25.89,25.8,0.38,1.4729,0.3306,2264096,58891770.09,17930682000.0,17930682000.0
2017-07-26,'002038,Ë«ðØÒ©Òµ,25.8,26.17,25.79,25.99,26.09,-0.29,-1.1115,0.2479,1697678,44018159.66,17670420000.0,17670420000.0
2017-07-25,'002038,Ë«ðØÒ©Òµ,26.09,26.45,25.93,25.93,25.89,0.2,0.7725,0.3734,2557207,67019716.17,17869041000.0,17869041000.0
2017-07-24,'002038,Ë«ðØÒ©Òµ,25.89,26.14,25.3,25.85,25.88,0.01,0.0386,0.479,3280422,84330488.49,17732061000.0,17732061000.0
2017-07-21,'002038,Ë«ðØÒ©Òµ,25.88,26.77,25.58,26.68,26.78,-0.9,-3.3607,0.9796,6709500,175188109.48,17725212000.0,17725212000.0
2017-07-20,'002038,Ë«ðØÒ©Òµ,26.78,27.69,26.74,27.65,27.64,-0.86,-3.1114,0.87,5958554,161606957.56,18341622000.0,18341622000.0
2017-07-19,'002038,Ë«ðØÒ©Òµ,27.64,27.88,27.25,27.42,27.55,0.09,0.3267,0.4133,2830353,77773423.91,18930636000.0,18930636000.0
2017-07-18,'002038,Ë«ðØÒ©Òµ,27.55,27.85,27.22,27.41,27.42,0.13,0.4741,0.3656,2504191,68925452.13,18868995000.0,18868995000.0
2017-07-17,'002038,Ë«ðØÒ©Òµ,27.42,28.7,27.42,28.6,28.55,-1.13,-3.958,0.6322,4330170,120419700.34,18779958000.0,18779958000.0
2017-07-14,'002038,Ë«ðØÒ©Òµ,28.55,28.99,28.48,28.56,28.89,-0.34,-1.1769,0.4283,2933267,84091368.56,19553895000.0,19553895000.0
2017-07-13,'002038,Ë«ðØÒ©Òµ,28.89,29.09,27.34,27.34,27.58,1.31,4.7498,0.9799,6711072,191216013.26,19786761000.0,19786761000.0
2017-07-12,'002038,Ë«ðØÒ©Òµ,27.58,28.25,27.41,28.25,28.11,-0.53,-1.8855,0.5258,3601018,100039238.39,18889542000.0,18889542000.0
2017-07-11,'002038,Ë«ðØÒ©Òµ,28.11,28.36,28.02,28.23,28.16,-0.05,-0.1776,0.2409,1649768,46523381.72,19252539000.0,19252539000.0
2017-07-10,'002038,Ë«ðØÒ©Òµ,28.16,28.33,28.06,28.18,28.3,-0.14,-0.4947,0.2507,1717065,48375899.68,19286784000.0,19286784000.0
2017-07-07,'002038,Ë«ðØÒ©Òµ,28.3,28.67,28.02,28.67,28.54,-0.24,-0.8409,0.4734,3242175,91627345.99,19382670000.0,19382670000.0
2017-07-06,'002038,Ë«ðØÒ©Òµ,28.54,29.08,28.36,28.51,28.43,0.11,0.3869,0.3966,2716376,78131549.06,19547046000.0,19547046000.0
2017-07-05,'002038,Ë«ðØÒ©Òµ,28.43,28.52,28.15,28.31,28.23,0.2,0.7085,0.3049,2088002,59278829.23,19471707000.0,19471707000.0
2017-07-04,'002038,Ë«ðØÒ©Òµ,28.43,29.03,28.28,28.94,28.9,-0.47,-1.6263,0.6229,4266322,121737759.81,19471707000.0,19471707000.0
2017-07-03,'002038,Ë«ðØÒ©Òµ,28.9,29.24,28.84,29.1,29.15,-0.25,-0.8576,0.3853,2638726,76511381.8,19793610000.0,19793610000.0
2017-06-30,'002038,Ë«ðØÒ©Òµ,29.15,29.31,28.72,28.88,28.96,0.19,0.6561,0.3924,2687539,78385934.02,19964835000.0,19964835000.0
2017-06-29,'002038,Ë«ðØÒ©Òµ,28.96,29.13,28.76,29.03,29.05,-0.09,-0.3098,0.3553,2433524,70341019.73,19834704000.0,19834704000.0
2017-06-28,'002038,Ë«ðØÒ©Òµ,29.05,29.23,28.88,29.12,29.15,-0.1,-0.3431,0.4465,3057797,88809879.16,19896345000.0,19896345000.0
2017-06-27,'002038,Ë«ðØÒ©Òµ,29.15,29.28,28.73,28.93,28.93,0.22,0.7605,0.5562,3809143,110467574.27,19964835000.0,19964835000.0
2017-06-26,'002038,Ë«ðØÒ©Òµ,28.93,28.95,28.53,28.64,28.67,0.26,0.9069,0.6043,4138820,119322502.89,19814157000.0,19814157000.0
2017-06-23,'002038,Ë«ðØÒ©Òµ,28.67,28.81,27.74,28.04,28.01,0.66,2.3563,0.6787,4648366,131281713.53,19636083000.0,19636083000.0
2017-06-22,'002038,Ë«ðØÒ©Òµ,28.01,28.7,27.97,28.29,28.29,-0.28,-0.9897,0.611,4184628,118510273.35,19184049000.0,19184049000.0
2017-06-21,'002038,Ë«ðØÒ©Òµ,28.29,28.93,28.11,28.2,28.14,0.15,0.533,0.8469,5800530,165486347.51,19375821000.0,19375821000.0
2017-06-20,'002038,Ë«ðØÒ©Òµ,28.14,28.5,28.04,28.32,28.32,-0.18,-0.6356,0.3427,2347332,66273016.86,19273086000.0,19273086000.0
2017-06-19,'002038,Ë«ðØÒ©Òµ,28.32,28.57,28.1,28.57,28.3,0.02,0.0707,0.4499,3081340,87236941.24,19396368000.0,19396368000.0
2017-06-16,'002038,Ë«ðØÒ©Òµ,28.3,28.8,27.02,27.14,27.08,1.22,4.5052,1.0251,7020939,197067275.45,19382670000.0,19382670000.0
2017-06-15,'002038,Ë«ðØÒ©Òµ,27.08,27.13,26.81,26.87,26.88,0.2,0.744,0.2898,1984874,53590896.05,18547092000.0,18547092000.0
2017-06-14,'002038,Ë«ðØÒ©Òµ,26.88,27.23,26.82,27.2,27.26,-0.38,-1.394,0.3178,2176623,58799824.57,18410112000.0,18410112000.0
2017-06-13,'002038,Ë«ðØÒ©Òµ,27.26,27.45,27.07,27.12,27.2,0.06,0.2206,0.3754,2570939,70133512.8,18670374000.0,18670374000.0
2017-06-12,'002038,Ë«ðØÒ©Òµ,27.2,27.38,26.83,27.1,27.18,0.02,0.0736,0.4212,2884562,78097524.26,18629280000.0,18629280000.0
2017-06-09,'002038,Ë«ðØÒ©Òµ,27.18,27.5,26.95,27.48,27.4,-0.22,-0.8029,0.5182,3549307,96543191.49,18615582000.0,18615582000.0
2017-06-08,'002038,Ë«ðØÒ©Òµ,27.4,27.54,26.66,26.78,26.83,0.57,2.1245,0.712,4876572,132559284.5,18766260000.0,18766260000.0
2017-06-07,'002038,Ë«ðØÒ©Òµ,26.83,26.85,26.28,26.28,26.34,0.49,1.8603,0.6269,4293529,114193690.77,18375867000.0,18375867000.0
2017-06-06,'002038,Ë«ðØÒ©Òµ,26.34,26.55,26.03,26.27,26.21,0.13,0.496,0.3311,2267918,59674892.43,18040266000.0,18040266000.0
2017-06-05,'002038,Ë«ðØÒ©Òµ,26.21,26.86,26.18,26.65,26.57,-0.36,-1.3549,0.499,3417325,90476917.65,17951229000.0,17951229000.0
2017-06-02,'002038,Ë«ðØÒ©Òµ,26.57,26.67,26.1,26.57,26.57,0.0,0.0,0.4962,3398532,89606527.36,18197793000.0,18197793000.0
2017-06-01,'002038,Ë«ðØÒ©Òµ,26.57,26.8,25.5,25.62,25.62,0.95,3.708,0.8362,5727069,151392915.83,18197793000.0,18197793000.0
2017-05-31,'002038,Ë«ðØÒ©Òµ,25.62,25.92,25.6,25.86,25.6,0.02,0.0781,0.2783,1906314,49063875.59,17547138000.0,17547138000.0
2017-05-26,'002038,Ë«ðØÒ©Òµ,25.6,25.9,25.49,25.62,25.6,0.0,0.0,0.2619,1793668,46034899.11,17533440000.0,17533440000.0
2017-05-25,'002038,Ë«ðØÒ©Òµ,25.6,25.75,25.17,25.5,25.48,0.12,0.471,0.3438,2354709,59977935.81,17533440000.0,17533440000.0
2017-05-24,'002038,Ë«ðØÒ©Òµ,25.48,25.59,24.79,24.91,25.0,0.48,1.92,0.5103,3495334,88003431.11,17451252000.0,17451252000.0
2017-05-23,'002038,Ë«ðØÒ©Òµ,25.0,26.15,24.99,25.85,25.81,-0.81,-3.1383,0.6001,4109880,104833134.14,17122500000.0,17122500000.0
2017-05-22,'002038,Ë«ðØÒ©Òµ,25.81,26.59,25.71,26.18,26.1,-0.29,-1.1111,0.4408,3018962,78946297.0,17677269000.0,17677269000.0
2017-05-19,'002038,Ë«ðØÒ©Òµ,26.1,26.28,25.93,25.98,26.01,0.09,0.346,0.2387,1634920,42603472.95,17875890000.0,17875890000.0
2017-05-18,'002038,Ë«ðØÒ©Òµ,26.01,26.49,25.88,26.17,26.27,-0.26,-0.9897,0.3367,2306021,60272398.29,17814249000.0,17814249000.0
2017-05-17,'002038,Ë«ðØÒ©Òµ,26.27,26.89,26.11,26.16,26.25,0.02,0.0762,0.5484,3756150,99474983.79,17992323000.0,17992323000.0
2017-05-16,'002038,Ë«ðØÒ©Òµ,26.25,26.46,25.72,25.99,26.0,0.25,0.9615,0.6728,4608061,120495800.54,17978625000.0,17978625000.0
2017-05-15,'002038,Ë«ðØÒ©Òµ,26.0,26.23,25.23,25.23,25.02,0.98,3.9169,0.7854,5379016,139629006.08,17807400000.0,17807400000.0
2017-05-12,'002038,Ë«ðØÒ©Òµ,25.02,25.78,24.4,24.59,24.5,0.52,2.1224,0.7998,5477557,137864860.7,17136198000.0,17136198000.0
2017-05-11,'002038,Ë«ðØÒ©Òµ,24.5,25.84,23.15,23.3,23.49,1.01,4.2997,1.3117,8983637,221139680.5,16780050000.0,16780050000.0
2017-05-10,'002038,Ë«ðØÒ©Òµ,23.49,23.97,23.43,23.8,23.77,-0.28,-1.178,0.3067,2100694,49816136.64,16088301000.0,16088301000.0
2017-05-09,'002038,Ë«ðØÒ©Òµ,23.77,24.18,23.47,24.0,24.1,-0.33,-1.3693,0.54,3698399,87593748.78,16280073000.0,16280073000.0
2017-05-08,'002038,Ë«ðØÒ©Òµ,24.1,24.65,24.1,24.48,24.32,-0.22,-0.9046,0.2981,2041920,49789142.97,16506090000.0,16506090000.0
2017-05-05,'002038,Ë«ðØÒ©Òµ,24.32,24.7,24.28,24.32,24.57,-0.25,-1.0175,0.3731,2555091,62365551.98,16656768000.0,16656768000.0
2017-05-04,'002038,Ë«ðØÒ©Òµ,24.57,25.27,24.43,25.2,25.19,-0.62,-2.4613,0.4497,3080249,76689594.66,16827993000.0,16827993000.0
2017-05-03,'002038,Ë«ðØÒ©Òµ,25.19,25.39,25.13,25.3,25.3,-0.11,-0.4348,0.1754,1201551,30337120.92,17252631000.0,17252631000.0
2017-05-02,'002038,Ë«ðØÒ©Òµ,25.3,25.5,25.22,25.48,25.31,-0.01,-0.0395,0.1916,1312470,33265151.21,17327970000.0,17327970000.0
2017-04-28,'002038,Ë«ðØÒ©Òµ,25.31,25.8,25.22,25.28,25.26,0.05,0.1979,0.3374,2310645,58851835.84,17334819000.0,17334819000.0
2017-04-27,'002038,Ë«ðØÒ©Òµ,25.26,25.42,24.85,25.35,25.39,-0.13,-0.512,0.3376,2312117,58069146.38,17300574000.0,17300574000.0
2017-04-26,'002038,Ë«ðØÒ©Òµ,25.39,25.51,25.09,25.12,25.0,0.39,1.56,0.2844,1948099,49395474.28,17389611000.0,17389611000.0
2017-04-25,'002038,Ë«ðØÒ©Òµ,25.0,25.3,24.88,25.02,24.97,0.03,0.1201,0.2914,1995723,50152327.45,17122500000.0,17122500000.0
2017-04-24,'002038,Ë«ðØÒ©Òµ,24.97,25.75,24.85,25.6,25.65,-0.68,-2.6511,0.5875,4023562,101617212.32,17101953000.0,17101953000.0
2017-04-21,'002038,Ë«ðØÒ©Òµ,25.65,26.28,25.5,26.24,26.23,-0.58,-2.2112,0.5334,3653009,94152619.78,17567685000.0,17567685000.0
2017-04-20,'002038,Ë«ðØÒ©Òµ,26.23,26.95,26.1,26.73,26.73,-0.5,-1.8706,0.5633,3857784,102355771.21,17964927000.0,17964927000.0
2017-04-19,'002038,Ë«ðØÒ©Òµ,26.73,26.77,26.21,26.55,26.56,0.17,0.6401,0.4397,3011503,80134902.08,18307377000.0,18307377000.0
2017-04-18,'002038,Ë«ðØÒ©Òµ,26.56,26.83,26.49,26.7,26.7,-0.14,-0.5243,0.2309,1581222,42122359.91,18190944000.0,18190944000.0
2017-04-17,'002038,Ë«ðØÒ©Òµ,26.7,26.83,26.11,26.45,26.32,0.38,1.4438,0.3825,2619844,69403683.95,18286830000.0,18286830000.0
2017-04-14,'002038,Ë«ðØÒ©Òµ,26.32,26.79,26.21,26.71,26.71,-0.39,-1.4601,0.3228,2211126,58520441.57,18026568000.0,18026568000.0
2017-04-13,'002038,Ë«ðØÒ©Òµ,26.71,27.12,25.9,26.0,26.05,0.66,2.5336,0.7691,5267678,140693295.75,18293679000.0,18293679000.0
2017-04-12,'002038,Ë«ðØÒ©Òµ,26.05,26.18,25.55,25.65,25.7,0.35,1.3619,0.4336,2969551,76726125.24,17841645000.0,17841645000.0
2017-04-11,'002038,Ë«ðØÒ©Òµ,25.7,25.87,25.38,25.38,25.43,0.27,1.0617,0.475,3252941,83426427.01,17601930000.0,17601930000.0
2017-04-10,'002038,Ë«ðØÒ©Òµ,25.43,25.96,25.39,25.96,25.9,-0.47,-1.8147,0.5425,3715920,94885674.94,17417007000.0,17417007000.0
2017-04-07,'002038,Ë«ðØÒ©Òµ,25.9,26.06,25.88,25.92,25.92,-0.02,-0.0772,0.313,2143418,55611184.32,17738910000.0,17738910000.0
2017-04-06,'002038,Ë«ðØÒ©Òµ,25.92,26.1,25.82,25.89,25.94,-0.02,-0.0771,0.3961,2713046,70433342.37,17752608000.0,17752608000.0
2017-04-05,'002038,Ë«ðØÒ©Òµ,25.94,26.02,25.7,25.97,25.8,0.14,0.5426,0.7326,5017612,129654635.54,17766306000.0,17766306000.0
2017-03-31,'002038,Ë«ðØÒ©Òµ,25.8,26.12,25.68,25.76,25.86,-0.06,-0.232,0.4307,2949801,76425616.37,17670420000.0,17670420000.0
2017-03-30,'002038,Ë«ðØÒ©Òµ,25.86,26.8,25.77,26.63,26.61,-0.75,-2.8185,0.5184,3550452,92810340.45,17711514000.0,17711514000.0
2017-03-29,'002038,Ë«ðØÒ©Òµ,26.61,27.25,26.6,27.05,27.2,-0.59,-2.1691,0.3064,2098714,56483215.18,18225189000.0,18225189000.0
2017-03-28,'002038,Ë«ðØÒ©Òµ,27.2,27.57,26.91,27.13,27.07,0.13,0.4802,0.3607,2470452,67396448.79,18629280000.0,18629280000.0
2017-03-27,'002038,Ë«ðØÒ©Òµ,27.07,27.39,27.0,27.22,27.18,-0.11,-0.4047,0.2774,1900039,51559005.61,18540243000.0,18540243000.0
2017-03-24,'002038,Ë«ðØÒ©Òµ,27.18,27.18,26.76,26.76,26.89,0.29,1.0785,0.3314,2270031,61310310.69,18615582000.0,18615582000.0
2017-03-23,'002038,Ë«ðØÒ©Òµ,26.89,27.24,26.7,27.1,27.15,-0.26,-0.9576,0.5137,3517998,94739760.45,18416961000.0,18416961000.0
2017-03-22,'002038,Ë«ðØÒ©Òµ,27.15,27.59,26.93,27.59,27.65,-0.5,-1.8083,0.5909,4047200,109852964.75,18595035000.0,18595035000.0
2017-03-21,'002038,Ë«ðØÒ©Òµ,27.65,27.82,27.4,27.44,27.59,0.06,0.2175,0.3068,2101311,58051300.77,18937485000.0,18937485000.0
2017-03-20,'002038,Ë«ðØÒ©Òµ,27.59,27.62,27.35,27.58,27.58,0.01,0.0363,0.205,1404323,38569240.64,18896391000.0,18896391000.0
2017-03-17,'002038,Ë«ðØÒ©Òµ,27.58,28.03,27.49,28.0,28.06,-0.48,-1.7106,0.4194,2872154,79695182.35,18889542000.0,18889542000.0
2017-03-16,'002038,Ë«ðØÒ©Òµ,28.06,28.18,27.27,27.27,27.26,0.8,2.9347,0.6452,4418648,122850946.53,19218294000.0,19218294000.0
2017-03-15,'002038,Ë«ðØÒ©Òµ,27.26,27.48,27.1,27.22,27.2,0.06,0.2206,0.3182,2179537,59420612.74,18670374000.0,18670374000.0
2017-03-14,'002038,Ë«ðØÒ©Òµ,27.2,27.62,27.15,27.54,27.49,-0.29,-1.0549,0.2883,1974511,53909240.47,18629280000.0,18629280000.0
2017-03-13,'002038,Ë«ðØÒ©Òµ,27.49,27.5,27.11,27.48,27.52,-0.03,-0.109,0.2596,1777892,48610323.23,18827901000.0,18827901000.0
2017-03-10,'002038,Ë«ðØÒ©Òµ,27.52,27.62,27.38,27.49,27.47,0.05,0.182,0.1495,1023907,28156685.11,18848448000.0,18848448000.0
2017-03-09,'002038,Ë«ðØÒ©Òµ,27.47,27.68,27.37,27.67,27.7,-0.23,-0.8303,0.2327,1593875,43799330.56,18814203000.0,18814203000.0
2017-03-08,'002038,Ë«ðØÒ©Òµ,27.7,28.1,27.63,28.05,28.01,-0.31,-1.1067,0.2833,1940322,53993044.92,18971730000.0,18971730000.0
2017-03-07,'002038,Ë«ðØÒ©Òµ,28.01,28.11,27.82,27.99,27.91,0.1,0.3583,0.331,2267193,63408187.96,19184049000.0,19184049000.0
2017-03-06,'002038,Ë«ðØÒ©Òµ,27.91,28.0,27.72,27.95,27.99,-0.08,-0.2858,0.2948,2019230,56229109.31,19115559000.0,19115559000.0
2017-03-03,'002038,Ë«ðØÒ©Òµ,27.99,28.1,27.38,27.48,27.61,0.38,1.3763,0.3354,2297081,63846962.94,19170351000.0,19170351000.0
2017-03-02,'002038,Ë«ðØÒ©Òµ,27.61,27.97,27.57,27.88,27.78,-0.17,-0.612,0.2987,2045664,56659434.41,18910089000.0,18910089000.0
2017-03-01,'002038,Ë«ðØÒ©Òµ,27.78,28.18,27.75,28.0,28.03,-0.25,-0.8919,0.2495,1709122,47785917.71,19026522000.0,19026522000.0
2017-02-28,'002038,Ë«ðØÒ©Òµ,28.03,28.25,27.81,27.81,27.95,0.08,0.2862,0.1961,1342957,37596333.03,19197747000.0,19197747000.0
2017-02-27,'002038,Ë«ðØÒ©Òµ,27.95,28.4,27.66,28.4,28.44,-0.49,-1.7229,0.4744,3249084,90779441.73,19142955000.0,19142955000.0
2017-02-24,'002038,Ë«ðØÒ©Òµ,28.44,28.78,28.31,28.72,28.72,-0.28,-0.9749,0.4384,3002716,85614724.04,19478556000.0,19478556000.0
2017-02-23,'002038,Ë«ðØÒ©Òµ,28.72,28.75,27.94,28.16,28.16,0.56,1.9886,0.6807,4661777,132478474.74,19670328000.0,19670328000.0
2017-02-22,'002038,Ë«ðØÒ©Òµ,28.16,28.6,27.75,27.9,27.85,0.31,1.1131,0.5823,3988146,112747460.43,19286784000.0,19286784000.0
2017-02-21,'002038,Ë«ðØÒ©Òµ,27.85,28.15,27.62,27.93,28.08,-0.23,-0.8191,0.5231,3582583,99823091.0,19074465000.0,19074465000.0
2017-02-20,'002038,Ë«ðØÒ©Òµ,28.08,28.79,26.31,26.31,26.25,1.83,6.9714,1.2671,8678645,240372717.65,19231992000.0,19231992000.0
2017-02-17,'002038,Ë«ðØÒ©Òµ,26.25,26.58,26.05,26.52,26.43,-0.18,-0.681,0.2981,2041599,53619398.18,17978625000.0,17978625000.0
2017-02-16,'002038,Ë«ðØÒ©Òµ,26.43,26.62,26.0,26.18,26.12,0.31,1.1868,0.348,2383657,62949907.71,18101907000.0,18101907000.0
2017-02-15,'002038,Ë«ðØÒ©Òµ,26.12,26.36,26.0,26.13,26.11,0.01,0.0383,0.2904,1988702,52055447.62,17889588000.0,17889588000.0
2017-02-14,'002038,Ë«ðØÒ©Òµ,26.11,26.54,26.06,26.46,26.55,-0.44,-1.6573,0.3852,2638499,69276268.51,17882739000.0,17882739000.0
2017-02-13,'002038,Ë«ðØÒ©Òµ,26.55,26.63,26.32,26.48,26.49,0.06,0.2265,0.3465,2373348,62838350.34,18184095000.0,18184095000.0
2017-02-10,'002038,Ë«ðØÒ©Òµ,26.49,26.72,26.39,26.51,26.58,-0.09,-0.3386,0.2078,1423132,37713773.03,18143001000.0,18143001000.0
2017-02-09,'002038,Ë«ðØÒ©Òµ,26.58,26.72,26.32,26.57,26.58,0.0,0.0,0.2616,1791902,47578244.95,18204642000.0,18204642000.0
2017-02-08,'002038,Ë«ðØÒ©Òµ,26.58,26.58,26.13,26.45,26.55,0.03,0.113,0.2452,1679130,44273378.62,18204642000.0,18204642000.0
2017-02-07,'002038,Ë«ðØÒ©Òµ,26.55,26.89,26.31,26.44,26.48,0.07,0.2644,0.3011,2062392,54930555.6,18184095000.0,18184095000.0
2017-02-06,'002038,Ë«ðØÒ©Òµ,26.48,26.5,25.98,25.99,26.03,0.45,1.7288,0.2886,1976768,51922472.18,18136152000.0,18136152000.0
2017-02-03,'002038,Ë«ðØÒ©Òµ,26.03,26.28,25.95,26.13,26.15,-0.12,-0.4589,0.175,1198901,31253414.5,17827947000.0,17827947000.0
2017-01-26,'002038,Ë«ðØÒ©Òµ,26.15,26.27,25.97,25.97,26.03,0.12,0.461,0.2266,1552216,40535334.85,17910135000.0,17910135000.0
2017-01-25,'002038,Ë«ðØÒ©Òµ,26.03,26.06,25.61,25.61,25.77,0.26,1.0089,0.2102,1439697,37357709.83,17827947000.0,17827947000.0
2017-01-24,'002038,Ë«ðØÒ©Òµ,25.77,26.12,25.56,25.65,25.5,0.27,1.0588,0.3056,2093250,54058928.23,17649873000.0,17649873000.0
2017-01-23,'002038,Ë«ðØÒ©Òµ,25.5,25.69,25.2,25.59,25.49,0.01,0.0392,0.3158,2162603,54939432.3,17464950000.0,17464950000.0
2017-01-20,'002038,Ë«ðØÒ©Òµ,25.49,25.58,25.21,25.26,25.18,0.31,1.2311,0.1856,1271030,32345660.67,17458101000.0,17458101000.0
2017-01-19,'002038,Ë«ðØÒ©Òµ,25.18,25.35,24.95,25.02,24.98,0.2,0.8006,0.2442,1672270,42104634.75,17245782000.0,17245782000.0
2017-01-18,'002038,Ë«ðØÒ©Òµ,24.98,25.35,24.92,25.21,25.12,-0.14,-0.5573,0.2105,1441726,36226418.38,17108802000.0,17108802000.0
2017-01-17,'002038,Ë«ðØÒ©Òµ,25.12,25.2,24.7,24.87,24.74,0.38,1.536,0.4157,2847304,71192038.66,17204688000.0,17204688000.0
2017-01-16,'002038,Ë«ðØÒ©Òµ,24.74,25.38,24.25,25.31,25.46,-0.72,-2.828,0.7385,5057940,125831571.51,16944426000.0,16944426000.0
2017-01-13,'002038,Ë«ðØÒ©Òµ,25.46,27.3,25.25,27.2,27.15,-1.69,-6.2247,0.9633,6597810,172656093.57,17437554000.0,17437554000.0
2017-01-12,'002038,Ë«ðØÒ©Òµ,27.15,27.44,27.15,27.34,27.33,-0.18,-0.6586,0.1813,1241452,33845046.94,18595035000.0,18595035000.0
2017-01-11,'002038,Ë«ðØÒ©Òµ,27.33,27.66,27.14,27.6,27.67,-0.34,-1.2288,0.3592,2460200,67429552.12,18718317000.0,18718317000.0
2017-01-10,'002038,Ë«ðØÒ©Òµ,27.67,27.98,27.51,27.98,27.87,-0.2,-0.7176,0.203,1390312,38480206.2,18951183000.0,18951183000.0
2017-01-09,'002038,Ë«ðØÒ©Òµ,27.87,28.06,27.73,27.82,27.87,0.0,0.0,0.3495,2393538,66668237.05,19088163000.0,19088163000.0
2017-01-06,'002038,Ë«ðØÒ©Òµ,27.87,28.13,27.72,27.72,27.9,-0.03,-0.1075,0.3052,2090360,58489747.14,19088163000.0,19088163000.0
2017-01-05,'002038,Ë«ðØÒ©Òµ,27.9,28.33,27.7,28.04,28.08,-0.18,-0.641,0.6083,4166465,116648184.05,19108710000.0,19108710000.0
2017-01-04,'002038,Ë«ðØÒ©Òµ,28.08,28.17,27.3,27.35,27.38,0.7,2.5566,0.7102,4863849,135606641.2,19231992000.0,19231992000.0
2017-01-03,'002038,Ë«ðØÒ©Òµ,27.38,27.45,26.73,26.73,26.71,0.67,2.5084,0.588,4027082,109044337.65,18752562000.0,18752562000.0
2016-12-30,'002038,Ë«ðØÒ©Òµ,26.71,26.91,26.59,26.68,26.62,0.09,0.3381,0.2596,1777727,47603619.69,18293679000.0,18293679000.0
2016-12-29,'002038,Ë«ðØÒ©Òµ,26.62,26.95,26.61,26.95,26.87,-0.25,-0.9304,0.2311,1582547,42306611.08,18232038000.0,18232038000.0
2016-12-28,'002038,Ë«ðØÒ©Òµ,26.87,27.05,26.75,27.0,26.94,-0.07,-0.2598,0.1777,1217221,32723346.06,18403263000.0,18403263000.0
2016-12-27,'002038,Ë«ðØÒ©Òµ,26.94,27.06,26.72,26.98,26.82,0.12,0.4474,0.232,1589004,42774033.2,18451206000.0,18451206000.0
2016-12-26,'002038,Ë«ðØÒ©Òµ,26.82,26.88,26.28,26.7,26.58,0.24,0.9029,0.3083,2111474,56240525.26,18369018000.0,18369018000.0
2016-12-23,'002038,Ë«ðØÒ©Òµ,26.58,27.11,26.51,27.11,27.08,-0.5,-1.8464,0.3546,2428682,64864416.07,18204642000.0,18204642000.0
2016-12-22,'002038,Ë«ðØÒ©Òµ,27.08,27.23,26.88,27.15,27.1,-0.02,-0.0738,0.2422,1658539,44832751.88,18547092000.0,18547092000.0
2016-12-21,'002038,Ë«ðØÒ©Òµ,27.1,27.26,26.78,26.78,26.88,0.22,0.8185,0.5239,3587907,97121495.85,18560790000.0,18560790000.0
2016-12-20,'002038,Ë«ðØÒ©Òµ,26.88,26.97,26.43,26.6,26.58,0.3,1.1287,0.5128,3511839,93753840.76,18410112000.0,18410112000.0
2016-12-19,'002038,Ë«ðØÒ©Òµ,26.58,26.73,26.4,26.64,26.63,-0.05,-0.1878,0.2426,1661904,44115027.74,18204642000.0,18204642000.0
2016-12-16,'002038,Ë«ðØÒ©Òµ,26.63,26.69,26.3,26.36,26.36,0.27,1.0243,0.4549,3115283,82667584.09,18238887000.0,18238887000.0
2016-12-15,'002038,Ë«ðØÒ©Òµ,26.36,26.75,26.24,26.27,26.31,0.05,0.19,0.3893,2666367,70508081.49,18053964000.0,18053964000.0
2016-12-14,'002038,Ë«ðØÒ©Òµ,26.31,27.04,26.27,26.84,26.83,-0.52,-1.9381,0.6962,4768068,126336785.61,18019719000.0,18019719000.0
2016-12-13,'002038,Ë«ðØÒ©Òµ,26.83,27.28,26.6,26.72,26.72,0.11,0.4117,0.7596,5202186,139647791.53,18375867000.0,18375867000.0
2016-12-12,'002038,Ë«ðØÒ©Òµ,26.72,28.35,26.71,28.25,28.3,-1.58,-5.583,1.2781,8753764,239604702.88,18300528000.0,18300528000.0
2016-12-09,'002038,Ë«ðØÒ©Òµ,28.3,29.45,28.25,29.45,29.46,-1.16,-3.9375,1.2013,8227902,236017246.08,19382670000.0,19382670000.0
2016-12-08,'002038,Ë«ðØÒ©Òµ,29.46,29.6,29.36,29.56,29.49,-0.03,-0.1017,0.2195,1503401,44233750.27,20177154000.0,20177154000.0
2016-12-07,'002038,Ë«ðØÒ©Òµ,29.49,29.72,29.38,29.6,29.57,-0.08,-0.2705,0.3953,2707686,79843958.31,20197701000.0,20197701000.0
2016-12-06,'002038,Ë«ðØÒ©Òµ,29.57,29.85,29.37,29.37,29.36,0.21,0.7153,0.3603,2467477,73194563.14,20252493000.0,20252493000.0
2016-12-05,'002038,Ë«ðØÒ©Òµ,29.36,29.71,29.22,29.3,29.4,-0.04,-0.1361,0.3089,2115881,62325344.24,20108664000.0,20108664000.0
2016-12-02,'002038,Ë«ðØÒ©Òµ,29.4,30.08,29.4,30.01,30.0,-0.6,-2.0,0.4711,3226842,95680886.09,20136060000.0,20136060000.0
2016-12-01,'002038,Ë«ðØÒ©Òµ,30.0,30.3,29.62,29.72,29.73,0.27,0.9082,0.4869,3334959,100032487.84,20547000000.0,20547000000.0
2016-11-30,'002038,Ë«ðØÒ©Òµ,29.73,30.0,29.58,29.91,29.9,-0.17,-0.5686,0.3317,2272113,67626647.37,20362077000.0,20362077000.0
2016-11-29,'002038,Ë«ðØÒ©Òµ,29.9,30.17,29.86,29.98,29.96,-0.06,-0.2003,0.4463,3056465,91715670.07,20478510000.0,20478510000.0
2016-11-28,'002038,Ë«ðØÒ©Òµ,29.96,30.33,29.91,30.1,30.13,-0.17,-0.5642,0.5104,3495936,105174986.08,20519604000.0,20519604000.0
2016-11-25,'002038,Ë«ðØÒ©Òµ,30.13,30.2,29.43,29.68,29.52,0.61,2.0664,0.7145,4893779,146500893.78,20636037000.0,20636037000.0
2016-11-24,'002038,Ë«ðØÒ©Òµ,29.52,29.87,29.41,29.5,29.51,0.01,0.0339,0.5128,3512267,104090993.23,20218248000.0,20218248000.0
2016-11-23,'002038,Ë«ðØÒ©Òµ,29.51,29.85,29.44,29.66,29.65,-0.14,-0.4722,0.5182,3549379,105148759.1,20211399000.0,20211399000.0
2016-11-22,'002038,Ë«ðØÒ©Òµ,29.65,30.06,29.5,29.93,29.93,-0.28,-0.9355,0.7308,5005447,148536857.4,20307285000.0,20307285000.0
2016-11-21,'002038,Ë«ðØÒ©Òµ,29.93,30.24,29.9,30.11,30.23,-0.3,-0.9924,0.3996,2737166,82200714.34,20499057000.0,20499057000.0
2016-11-18,'002038,Ë«ðØÒ©Òµ,30.23,30.66,30.05,30.1,30.11,0.12,0.3985,0.5576,3818912,115638012.99,20704527000.0,20704527000.0
2016-11-17,'002038,Ë«ðØÒ©Òµ,30.11,30.38,29.81,29.9,30.01,0.1,0.3332,0.5335,3654203,110322214.86,20622339000.0,20622339000.0
2016-11-16,'002038,Ë«ðØÒ©Òµ,30.01,30.2,29.91,30.1,30.0,0.01,0.0333,0.4048,2772288,83262434.3,20553849000.0,20553849000.0
2016-11-15,'002038,Ë«ðØÒ©Òµ,30.0,30.09,29.74,29.81,29.8,0.2,0.6711,0.4302,2946355,88028066.09,20547000000.0,20547000000.0
2016-11-14,'002038,Ë«ðØÒ©Òµ,29.8,30.4,29.67,30.14,30.22,-0.42,-1.3898,0.6275,4297883,128843626.95,20410020000.0,20410020000.0
2016-11-11,'002038,Ë«ðØÒ©Òµ,30.22,30.8,30.11,30.63,30.28,-0.06,-0.1982,0.805,5513532,167834880.28,20697678000.0,20697678000.0
2016-11-10,'002038,Ë«ðØÒ©Òµ,30.28,30.45,29.85,30.0,29.71,0.57,1.9185,0.8023,5494831,165911226.8,20738772000.0,20738772000.0
2016-11-09,'002038,Ë«ðØÒ©Òµ,29.71,30.1,29.27,29.57,29.43,0.28,0.9514,0.9367,6415182,190657314.85,20348379000.0,20348379000.0
2016-11-08,'002038,Ë«ðØÒ©Òµ,29.43,29.66,29.29,29.6,29.4,0.03,0.102,0.6289,4307580,126704436.76,20156607000.0,20156607000.0
2016-11-07,'002038,Ë«ðØÒ©Òµ,29.4,29.84,29.3,29.65,29.65,-0.25,-0.8432,0.4528,3101503,91761199.02,20136060000.0,20136060000.0
2016-11-04,'002038,Ë«ðØÒ©Òµ,29.65,29.91,29.37,29.48,29.56,0.09,0.3045,0.4928,3374889,100166836.07,20307285000.0,20307285000.0
2016-11-03,'002038,Ë«ðØÒ©Òµ,29.56,29.87,29.26,29.81,30.02,-0.46,-1.5323,0.9281,6356852,187785802.43,20245644000.0,20245644000.0
2016-11-02,'002038,Ë«ðØÒ©Òµ,30.02,30.43,29.93,30.43,30.43,-0.41,-1.3474,0.5077,3476991,104578735.03,20560698000.0,20560698000.0
2016-11-01,'002038,Ë«ðØÒ©Òµ,30.43,30.47,30.0,30.0,29.98,0.45,1.501,0.4092,2802646,84874401.17,20841507000.0,20841507000.0
2016-10-31,'002038,Ë«ðØÒ©Òµ,29.98,30.65,29.78,30.43,30.5,-0.52,-1.7049,0.8165,5592156,168587625.32,20533302000.0,20533302000.0
2016-10-28,'002038,Ë«ðØÒ©Òµ,30.5,31.48,30.45,31.2,31.35,-0.85,-2.7113,0.8676,5942034,183675431.65,20889450000.0,20889450000.0
2016-10-27,'002038,Ë«ðØÒ©Òµ,31.35,31.39,31.1,31.17,31.17,0.18,0.5775,0.3232,2213811,69207651.84,21471615000.0,21471615000.0
2016-10-26,'002038,Ë«ðØÒ©Òµ,31.17,31.47,31.0,31.47,31.33,-0.16,-0.5107,0.4472,3062786,95465247.19,21348333000.0,21348333000.0
2016-10-25,'002038,Ë«ðØÒ©Òµ,31.33,31.71,31.25,31.58,31.65,-0.32,-1.0111,0.5107,3497478,109789214.96,21457917000.0,21457917000.0
2016-10-24,'002038,Ë«ðØÒ©Òµ,31.65,31.84,31.55,31.56,31.61,0.04,0.1265,0.4161,2849992,90274271.53,21677085000.0,21677085000.0
2016-10-21,'002038,Ë«ðØÒ©Òµ,31.61,31.62,31.3,31.38,31.31,0.3,0.9582,0.5644,3865316,121712149.5,21649689000.0,21649689000.0
2016-10-20,'002038,Ë«ðØÒ©Òµ,31.31,31.65,31.24,31.43,31.39,-0.08,-0.2549,0.4057,2778379,87221684.67,21444219000.0,21444219000.0
2016-10-19,'002038,Ë«ðØÒ©Òµ,31.39,31.79,31.25,31.51,31.65,-0.26,-0.8215,0.4674,3201047,100781027.75,21499011000.0,21499011000.0
2016-10-18,'002038,Ë«ðØÒ©Òµ,31.65,31.72,31.21,31.3,31.25,0.4,1.28,0.5426,3716554,117033375.64,21677085000.0,21677085000.0
2016-10-17,'002038,Ë«ðØÒ©Òµ,31.25,32.0,31.08,31.9,31.85,-0.6,-1.8838,0.7654,5242268,165915405.52,21403125000.0,21403125000.0
2016-10-14,'002038,Ë«ðØÒ©Òµ,31.85,32.45,31.7,32.33,32.41,-0.56,-1.7279,0.7763,5316970,169822553.06,21814065000.0,21814065000.0
2016-10-13,'002038,Ë«ðØÒ©Òµ,32.41,32.48,32.22,32.32,32.33,0.08,0.2474,0.3387,2319458,75028697.14,22197609000.0,22197609000.0
2016-10-12,'002038,Ë«ðØÒ©Òµ,32.33,32.85,32.11,32.71,32.88,-0.55,-1.6727,0.8425,5770360,186796477.35,22142817000.0,22142817000.0
2016-10-11,'002038,Ë«ðØÒ©Òµ,32.88,33.28,32.74,32.92,33.15,-0.27,-0.8145,0.6998,4792654,157853506.93,22519512000.0,22519512000.0
2016-10-10,'002038,Ë«ðØÒ©Òµ,33.15,33.16,32.39,32.98,33.01,0.14,0.4241,1.3892,9514592,312840341.89,22704435000.0,22704435000.0
2016-09-30,'002038,Ë«ðØÒ©Òµ,33.01,33.3,32.84,33.1,33.08,-0.07,-0.2116,0.5404,3701506,122416756.82,22608549000.0,22608549000.0
2016-09-29,'002038,Ë«ðØÒ©Òµ,33.08,33.28,32.8,33.11,33.02,0.06,0.1817,0.6901,4726773,156387262.0,22656492000.0,22656492000.0
2016-09-28,'002038,Ë«ðØÒ©Òµ,33.02,33.37,32.4,32.7,32.6,0.42,1.2883,0.9491,6500155,214604223.85,22615398000.0,22615398000.0
2016-09-27,'002038,Ë«ðØÒ©Òµ,32.6,32.87,32.05,32.87,32.77,-0.17,-0.5188,0.5627,3853612,125140947.77,22327740000.0,22327740000.0
2016-09-26,'002038,Ë«ðØÒ©Òµ,32.77,33.55,32.5,33.1,33.14,-0.37,-1.1165,1.0884,7454511,246344880.33,22444173000.0,22444173000.0
2016-09-23,'002038,Ë«ðØÒ©Òµ,33.14,33.39,32.18,32.7,32.2,0.94,2.9193,0.9932,6802429,223158834.89,22697586000.0,22697586000.0
2016-09-22,'002038,Ë«ðØÒ©Òµ,32.2,33.37,32.17,32.71,31.6,0.6,1.8987,1.2506,8565445,279339552.88,22053780000.0,22053780000.0
2016-09-21,'002038,Ë«ðØÒ©Òµ,31.6,31.9,31.4,31.48,31.38,0.22,0.7011,0.423,2897235,91622057.24,21642840000.0,21642840000.0
2016-09-20,'002038,Ë«ðØÒ©Òµ,31.38,31.48,30.88,30.88,30.86,0.52,1.685,0.4887,3347255,104946667.05,21492162000.0,21492162000.0
2016-09-19,'002038,Ë«ðØÒ©Òµ,30.86,31.05,30.58,30.58,30.65,0.21,0.6852,0.4009,2745897,84671404.07,21136014000.0,21136014000.0
2016-09-14,'002038,Ë«ðØÒ©Òµ,30.65,31.7,30.56,31.7,31.89,-1.24,-3.8884,1.0011,6856292,212997081.25,20992185000.0,20992185000.0
2016-09-13,'002038,Ë«ðØÒ©Òµ,31.89,32.05,31.13,31.4,31.15,0.74,2.3756,0.6778,4642303,146827475.42,21841461000.0,21841461000.0
2016-09-12,'002038,Ë«ðØÒ©Òµ,31.15,32.1,31.02,31.89,32.27,-1.12,-3.4707,1.0678,7313535,230905001.29,21334635000.0,21334635000.0
2016-09-09,'002038,Ë«ðØÒ©Òµ,32.27,33.1,32.2,32.64,32.69,-0.42,-1.2848,0.7302,5001307,163163397.68,22101723000.0,22101723000.0
2016-09-08,'002038,Ë«ðØÒ©Òµ,32.69,32.72,31.53,31.85,31.72,0.97,3.058,1.0707,7333403,237344073.97,22389381000.0,22389381000.0
2016-09-07,'002038,Ë«ðØÒ©Òµ,31.72,32.3,31.6,31.98,31.92,-0.2,-0.6266,0.4242,2905371,92910194.5,21725028000.0,21725028000.0
2016-09-06,'002038,Ë«ðØÒ©Òµ,31.92,31.92,31.31,31.31,31.33,0.59,1.8832,0.5532,3788770,120059905.5,21862008000.0,21862008000.0
2016-09-05,'002038,Ë«ðØÒ©Òµ,31.33,31.9,31.33,31.7,31.56,-0.23,-0.7288,0.3907,2675900,84598471.89,21457917000.0,21457917000.0
2016-09-02,'002038,Ë«ðØÒ©Òµ,31.56,32.16,31.44,31.8,31.85,-0.29,-0.9105,0.4508,3087519,98048208.44,21615444000.0,21615444000.0
2016-09-01,'002038,Ë«ðØÒ©Òµ,31.85,32.4,31.85,32.05,32.23,-0.38,-1.179,0.3906,2675372,85834146.44,21814065000.0,21814065000.0
2016-08-31,'002038,Ë«ðØÒ©Òµ,32.23,32.3,31.24,31.58,31.54,0.69,2.1877,0.6007,4113971,130975823.5,22074327000.0,22074327000.0
2016-08-30,'002038,Ë«ðØÒ©Òµ,31.54,31.79,31.39,31.51,31.56,-0.02,-0.0634,0.4621,3165027,99910117.16,21601746000.0,21601746000.0
2016-08-29,'002038,Ë«ðØÒ©Òµ,31.56,32.35,31.21,32.0,32.25,-0.69,-2.1395,0.9373,6419883,203637655.37,21615444000.0,21615444000.0
2016-08-26,'002038,Ë«ðØÒ©Òµ,32.25,32.71,32.0,32.3,32.4,-0.15,-0.463,0.8129,5567213,180153209.02,22088025000.0,22088025000.0
2016-08-25,'002038,Ë«ðØÒ©Òµ,32.4,32.68,32.0,32.59,32.68,-0.28,-0.8568,0.6263,4289645,138135787.1,22190760000.0,22190760000.0
2016-08-24,'002038,Ë«ðØÒ©Òµ,32.68,33.33,32.59,32.65,32.65,0.03,0.0919,0.9152,6268148,206670872.65,22382532000.0,22382532000.0
2016-08-23,'002038,Ë«ðØÒ©Òµ,32.65,32.66,32.01,32.16,32.11,0.54,1.6817,0.6284,4303759,139243596.24,22361985000.0,22361985000.0
2016-08-22,'002038,Ë«ðØÒ©Òµ,32.11,32.86,32.11,32.69,32.74,-0.63,-1.9243,0.7065,4838932,157007200.12,21992139000.0,21992139000.0
2016-08-19,'002038,Ë«ðØÒ©Òµ,32.74,32.91,32.46,32.71,32.7,0.04,0.1223,0.5879,4026402,131625401.0,22423626000.0,22423626000.0
2016-08-18,'002038,Ë«ðØÒ©Òµ,32.7,33.53,32.6,33.5,33.51,-0.81,-2.4172,1.0759,7369087,243322372.45,22396230000.0,22396230000.0
2016-08-17,'002038,Ë«ðØÒ©Òµ,33.51,33.7,33.01,33.2,33.3,0.21,0.6306,0.9177,6285106,209843244.29,22950999000.0,22950999000.0
2016-08-16,'002038,Ë«ðØÒ©Òµ,33.3,33.9,33.16,33.16,33.24,0.06,0.1805,1.144,7835568,262155937.05,22807170000.0,22807170000.0
2016-08-15,'002038,Ë«ðØÒ©Òµ,33.24,33.48,32.88,33.48,33.18,0.06,0.1808,1.2754,8735133,289961248.02,22766076000.0,22766076000.0
2016-08-12,'002038,Ë«ðØÒ©Òµ,33.18,33.18,32.11,32.2,32.3,0.88,2.7245,1.2123,8303186,272230778.86,22724982000.0,22724982000.0
2016-08-11,'002038,Ë«ðØÒ©Òµ,32.3,32.71,31.83,32.21,32.17,0.13,0.4041,0.7861,5384252,173530180.15,22122270000.0,22122270000.0
2016-08-10,'002038,Ë«ðØÒ©Òµ,32.17,32.54,32.1,32.35,32.45,-0.28,-0.8629,0.4539,3108960,100427501.12,22033233000.0,22033233000.0
2016-08-09,'002038,Ë«ðØÒ©Òµ,32.45,32.79,32.16,32.29,32.28,0.17,0.5266,0.7453,5104776,166051130.0,22225005000.0,22225005000.0
2016-08-08,'002038,Ë«ðØÒ©Òµ,32.28,32.4,31.01,31.26,31.33,0.95,3.0322,0.7781,5329324,169707170.29,22108572000.0,22108572000.0
2016-08-05,'002038,Ë«ðØÒ©Òµ,31.33,31.59,30.88,31.05,31.04,0.29,0.9343,0.6169,4225149,132370411.9,21457917000.0,21457917000.0
2016-08-04,'002038,Ë«ðØÒ©Òµ,31.04,31.71,30.98,31.6,31.67,-0.63,-1.9893,1.0929,7485407,233188997.93,21259296000.0,21259296000.0
2016-08-03,'002038,Ë«ðØÒ©Òµ,31.67,31.94,31.45,31.8,31.77,-0.1,-0.3148,0.4885,3345605,106066843.25,21690783000.0,21690783000.0
2016-08-02,'002038,Ë«ðØÒ©Òµ,31.77,31.8,31.19,31.19,31.19,0.58,1.8596,0.6239,4273194,134704672.52,21759273000.0,21759273000.0
2016-08-01,'002038,Ë«ðØÒ©Òµ,31.19,32.2,30.89,31.8,31.98,-0.79,-2.4703,1.1305,7742713,242246043.46,21362031000.0,21362031000.0
2016-07-29,'002038,Ë«ðØÒ©Òµ,31.98,32.54,31.78,32.15,32.15,-0.17,-0.5288,0.9361,6411228,205956627.49,21903102000.0,21903102000.0
2016-07-28,'002038,Ë«ðØÒ©Òµ,32.15,32.55,31.85,31.95,31.9,0.25,0.7837,1.2783,8755214,281917225.29,22019535000.0,22019535000.0
2016-07-27,'002038,Ë«ðØÒ©Òµ,31.9,34.2,31.37,33.75,33.71,-1.81,-5.3693,2.4213,16583538,543089521.4,21848310000.0,21848310000.0
2016-07-26,'002038,Ë«ðØÒ©Òµ,33.71,33.9,32.7,32.86,32.81,0.9,2.7431,1.4005,9592143,320252725.67,23087979000.0,23087979000.0
2016-07-25,'002038,Ë«ðØÒ©Òµ,32.81,32.88,31.55,32.1,32.04,0.77,2.4032,1.0668,7306770,235113504.22,22471569000.0,22471569000.0
2016-07-22,'002038,Ë«ðØÒ©Òµ,32.04,32.68,31.91,32.2,32.0,0.04,0.125,0.648,4438428,143084270.01,21944196000.0,21944196000.0
2016-07-21,'002038,Ë«ðØÒ©Òµ,32.2,32.29,31.9,32.0,32.0,0.2,0.625,0.4557,3121385,100312378.23,22053780000.0,22053780000.0
2016-07-20,'002038,Ë«ðØÒ©Òµ,32.0,32.33,31.81,31.86,31.86,0.14,0.4394,0.4957,3394955,108748663.68,21916800000.0,21916800000.0
2016-07-19,'002038,Ë«ðØÒ©Òµ,31.86,32.85,31.49,32.82,32.7,-0.84,-2.5688,1.3489,9238763,294986930.16,21820914000.0,21820914000.0
2016-07-18,'002038,Ë«ðØÒ©Òµ,32.7,33.06,32.07,32.08,32.15,0.55,1.7107,0.9503,6508592,211960201.42,22396230000.0,22396230000.0
2016-07-15,'002038,Ë«ðØÒ©Òµ,32.15,32.4,31.7,31.98,32.65,-0.5,-1.5314,1.1874,8132705,260769865.74,22019535000.0,22019535000.0
2016-07-14,'002038,Ë«ðØÒ©Òµ,32.65,33.1,31.6,32.11,32.17,0.48,1.4921,1.0841,7425002,242168096.67,22361985000.0,22361985000.0
2016-07-13,'002038,Ë«ðØÒ©Òµ,32.17,33.39,32.1,32.88,31.8,0.37,1.1635,1.8851,12911176,423171858.57,22033233000.0,22033233000.0
2016-07-12,'002038,Ë«ðØÒ©Òµ,31.8,32.18,30.67,30.72,30.85,0.95,3.0794,1.7029,11663366,368245876.38,21779820000.0,21779820000.0
2016-07-11,'002038,Ë«ðØÒ©Òµ,30.85,31.29,30.59,30.85,30.93,-0.08,-0.2586,1.0334,7077973,218535116.92,21129165000.0,21129165000.0
2016-07-08,'002038,Ë«ðØÒ©Òµ,30.93,31.97,29.99,29.99,29.78,1.15,3.8617,1.7521,11999950,374241899.73,21183957000.0,21183957000.0
2016-07-07,'002038,Ë«ðØÒ©Òµ,29.78,30.08,29.6,29.7,29.69,0.09,0.3031,0.674,4615909,137787893.31,20396322000.0,20396322000.0
2016-07-06,'002038,Ë«ðØÒ©Òµ,29.69,29.89,29.45,29.73,29.7,-0.01,-0.0337,0.6514,4461507,132178767.36,20334681000.0,20334681000.0
2016-07-05,'002038,Ë«ðØÒ©Òµ,29.7,30.18,29.64,29.87,29.99,-0.29,-0.967,0.8851,6062186,181215721.97,20341530000.0,20341530000.0
2016-07-04,'002038,Ë«ðØÒ©Òµ,29.99,30.18,29.37,29.41,29.54,0.45,1.5234,0.9506,6510766,194532401.45,20540151000.0,20540151000.0
2016-07-01,'002038,Ë«ðØÒ©Òµ,29.54,30.45,29.54,30.2,30.18,-0.64,-2.1206,1.1707,8017957,240165818.26,20231946000.0,20231946000.0
2016-06-30,'002038,Ë«ðØÒ©Òµ,30.18,30.6,28.68,28.93,28.83,1.35,4.6826,2.0251,13869810,412505087.33,20670282000.0,20670282000.0
2016-06-29,'002038,Ë«ðØÒ©Òµ,28.83,29.18,28.58,29.0,28.7,0.13,0.453,0.7133,4885600,140681405.6,19745667000.0,19745667000.0
2016-06-28,'002038,Ë«ðØÒ©Òµ,28.7,28.9,27.85,27.88,28.05,0.65,2.3173,1.1681,8000596,228904545.24,19656630000.0,19656630000.0
2016-06-27,'002038,Ë«ðØÒ©Òµ,28.05,28.05,27.48,27.5,27.73,0.32,1.154,0.745,5102351,142151332.94,19211445000.0,19211445000.0
2016-06-24,'002038,Ë«ðØÒ©Òµ,27.73,28.55,26.82,28.24,28.3,-0.57,-2.0141,1.2275,8407183,233626103.67,18992277000.0,18992277000.0
2016-06-23,'002038,Ë«ðØÒ©Òµ,28.3,28.74,28.13,28.7,28.7,-0.4,-1.3937,0.6233,4269017,121155623.64,19382670000.0,19382670000.0
2016-06-22,'002038,Ë«ðØÒ©Òµ,28.7,28.7,28.23,28.28,28.22,0.48,1.7009,0.6209,4252378,121190068.03,19656630000.0,19656630000.0
2016-06-21,'002038,Ë«ðØÒ©Òµ,28.22,29.12,28.1,28.7,28.59,-0.37,-1.2942,0.7879,5396039,154161521.0,19327878000.0,19327878000.0
2016-06-20,'002038,Ë«ðØÒ©Òµ,28.59,29.09,28.3,28.91,28.98,-0.39,-1.3458,0.6607,4525002,129054515.59,19581291000.0,19581291000.0
2016-06-17,'002038,Ë«ðØÒ©Òµ,28.98,29.51,28.45,28.45,28.49,0.49,1.7199,1.0449,7156352,207924935.78,19848402000.0,19848402000.0
2016-06-16,'002038,Ë«ðØÒ©Òµ,28.49,29.08,28.43,28.95,28.83,-0.34,-1.1793,0.5676,3887512,111585678.24,19512801000.0,19512801000.0
2016-06-15,'002038,Ë«ðØÒ©Òµ,28.83,29.06,27.83,27.99,28.21,0.62,2.1978,0.8473,5802822,166245422.0,19745667000.0,19745667000.0
2016-06-14,'002038,Ë«ðØÒ©Òµ,28.21,28.95,28.13,28.75,29.04,-0.83,-2.8581,1.0601,7260577,206311472.31,19321029000.0,19321029000.0
2016-06-13,'002038,Ë«ðØÒ©Òµ,29.04,30.2,28.77,29.0,29.31,-0.27,-0.9212,1.3057,8942852,264611603.65,19889496000.0,19889496000.0
2016-06-08,'002038,Ë«ðØÒ©Òµ,29.31,30.16,29.01,29.1,29.12,0.19,0.6525,1.5139,10368774,307638495.11,20074419000.0,20074419000.0
2016-06-07,'002038,Ë«ðØÒ©Òµ,29.12,29.31,28.98,29.3,29.35,-0.23,-0.7836,0.5191,3555417,103598828.03,19944288000.0,19944288000.0
2016-06-06,'002038,Ë«ðØÒ©Òµ,29.35,29.61,29.19,29.55,29.55,-0.2,-0.6768,0.7154,4899852,143717554.0,20101815000.0,20101815000.0
2016-06-03,'002038,Ë«ðØÒ©Òµ,29.55,29.76,28.9,29.24,29.15,0.4,1.3722,1.0988,7525801,221310236.35,20238795000.0,20238795000.0
2016-06-02,'002038,Ë«ðØÒ©Òµ,29.15,29.58,28.88,29.27,29.26,-0.11,-0.3759,0.8001,5479824,160001139.71,19964835000.0,19964835000.0
2016-06-01,'002038,Ë«ðØÒ©Òµ,29.26,29.98,28.57,28.57,28.54,0.72,2.5228,1.3317,9120747,268886067.5,20040174000.0,20040174000.0
2016-05-31,'002038,Ë«ðØÒ©Òµ,28.54,28.78,27.71,27.71,27.64,0.9,3.2562,0.9247,6333263,180317366.41,19547046000.0,19547046000.0
2016-05-30,'002038,Ë«ðØÒ©Òµ,27.64,28.26,27.49,28.0,28.39,-0.75,-2.6418,0.6178,4231351,117664744.69,18930636000.0,18930636000.0
2016-05-27,'002038,Ë«ðØÒ©Òµ,28.39,28.76,28.02,28.33,28.35,0.04,0.1411,0.6916,4736653,134058923.88,19444311000.0,19444311000.0
2016-05-26,'002038,Ë«ðØÒ©Òµ,28.35,28.58,27.48,28.15,27.93,0.42,1.5038,0.8739,5985061,167354776.12,19416915000.0,19416915000.0
2016-05-25,'002038,Ë«ðØÒ©Òµ,27.93,29.35,27.89,29.25,29.02,-1.09,-3.756,1.305,8938179,254205398.59,19129257000.0,19129257000.0
2016-05-24,'002038,Ë«ðØÒ©Òµ,29.02,29.1,28.65,29.0,29.2,-0.18,-0.6164,0.5875,4023814,116063486.01,19875798000.0,19875798000.0
2016-05-23,'002038,Ë«ðØÒ©Òµ,29.2,29.88,28.8,29.78,29.3,-0.1,-0.3413,1.0946,7497189,218704993.43,19999080000.0,19999080000.0
2016-05-20,'002038,Ë«ðØÒ©Òµ,29.3,29.75,28.62,28.75,28.9,0.4,1.3841,1.1046,7565226,222349606.03,20067570000.0,20067570000.0
2016-05-19,'002038,Ë«ðØÒ©Òµ,28.9,29.2,28.31,28.85,28.66,0.24,0.8374,1.2415,8503237,245090158.88,19793610000.0,19793610000.0
2016-05-18,'002038,Ë«ðØÒ©Òµ,28.66,29.83,28.47,29.8,29.97,-1.31,-4.371,1.4125,9674451,281656246.56,19629234000.0,19629234000.0
2016-05-17,'002038,Ë«ðØÒ©Òµ,29.97,30.68,29.68,29.88,29.95,0.02,0.0668,1.2409,8498998,255919472.18,20526453000.0,20526453000.0
2016-05-16,'002038,Ë«ðØÒ©Òµ,29.95,30.37,29.56,30.36,30.27,-0.32,-1.0572,1.3391,9171210,273776652.99,20512755000.0,20512755000.0
2016-05-13,'002038,Ë«ðØÒ©Òµ,30.27,30.5,28.4,28.59,28.63,1.64,5.7283,1.6275,11146666,327984261.17,20731923000.0,20731923000.0
2016-05-12,'002038,Ë«ðØÒ©Òµ,28.63,28.85,27.66,28.02,28.65,-0.02,-0.0698,0.9341,6397895,181120462.13,19608687000.0,19608687000.0
2016-05-11,'002038,Ë«ðØÒ©Òµ,28.65,29.18,28.13,28.39,28.2,0.45,1.5957,1.2552,8596875,246749441.84,19622385000.0,19622385000.0
2016-05-10,'002038,Ë«ðØÒ©Òµ,28.2,28.5,27.62,28.24,28.36,-0.16,-0.5642,0.8824,6043461,169967338.13,19314180000.0,19314180000.0
2016-05-09,'002038,Ë«ðØÒ©Òµ,28.36,28.88,27.72,28.5,28.29,0.07,0.2474,1.1878,8135420,230594791.57,19423764000.0,19423764000.0
2016-05-06,'002038,Ë«ðØÒ©Òµ,28.29,29.6,28.2,29.57,29.57,-1.28,-4.3287,1.6343,11193176,322502073.22,19375821000.0,19375821000.0
2016-05-05,'002038,Ë«ðØÒ©Òµ,29.57,29.77,29.09,29.09,29.21,0.36,1.2325,1.1651,7979961,235708913.38,20252493000.0,20252493000.0
2016-05-04,'002038,Ë«ðØÒ©Òµ,29.21,29.93,28.83,28.99,29.36,-0.15,-0.5109,1.4624,10015830,295057747.36,20005929000.0,20005929000.0
2016-05-03,'002038,Ë«ðØÒ©Òµ,29.36,30.0,28.0,28.1,28.3,1.06,3.7456,2.2268,15251100,448588799.57,20108664000.0,20108664000.0
2016-04-29,'002038,Ë«ðØÒ©Òµ,28.3,28.85,27.32,27.6,27.6,0.7,2.5362,1.8525,12687542,357520027.15,19382670000.0,19382670000.0
2016-04-28,'002038,Ë«ðØÒ©Òµ,27.6,28.28,26.9,28.15,27.88,-0.28,-1.0043,2.5441,17424528,480912674.59,18903240000.0,18903240000.0
2016-04-27,'002038,Ë«ðØÒ©Òµ,27.88,28.8,27.6,28.3,28.15,-0.27,-0.9591,2.3904,16372113,460134974.1,19095012000.0,19095012000.0
2016-04-26,'002038,Ë«ðØÒ©Òµ,28.15,29.18,26.78,27.0,26.57,1.58,5.9466,4.131,28293161,786215601.5,19279935000.0,19279935000.0
2016-04-25,'002038,Ë«ðØÒ©Òµ,26.57,26.57,25.3,26.3,24.15,2.42,10.0207,3.1585,21632280,565845796.22,18197793000.0,18197793000.0
2016-04-22,'002038,Ë«ðØÒ©Òµ,24.15,24.74,23.71,24.4,24.6,-0.45,-1.8293,1.3753,9419174,227973110.91,16540335000.0,16540335000.0
2016-04-21,'002038,Ë«ðØÒ©Òµ,24.6,25.08,24.5,24.84,24.89,-0.29,-1.1651,0.7012,4802770,119336692.04,16848540000.0,16848540000.0
2016-04-20,'002038,Ë«ðØÒ©Òµ,24.89,26.4,24.42,26.3,26.31,-1.42,-5.3972,1.4433,9884980,249664706.72,17047161000.0,17047161000.0
2016-04-19,'002038,Ë«ðØÒ©Òµ,26.31,26.87,26.18,26.5,26.33,-0.02,-0.076,1.1191,7664511,202881604.05,18019719000.0,18019719000.0
2016-04-18,'002038,Ë«ðØÒ©Òµ,26.33,26.58,25.38,26.06,26.05,0.28,1.0749,1.227,8403738,217661885.11,18033417000.0,18033417000.0
2016-04-15,'002038,Ë«ðØÒ©Òµ,26.05,26.12,25.71,26.05,26.12,-0.07,-0.268,0.6941,4753959,123319353.42,17841645000.0,17841645000.0
2016-04-14,'002038,Ë«ðØÒ©Òµ,26.12,26.16,25.72,25.98,25.88,0.24,0.9274,0.8179,5601840,145665291.7,17889588000.0,17889588000.0
2016-04-13,'002038,Ë«ðØÒ©Òµ,25.88,26.26,25.8,25.8,25.57,0.31,1.2124,1.2561,8602792,223907108.32,17725212000.0,17725212000.0
2016-04-12,'002038,Ë«ðØÒ©Òµ,25.57,26.2,25.43,25.91,26.05,-0.48,-1.8426,0.9324,6386277,164313444.28,17512893000.0,17512893000.0
2016-04-11,'002038,Ë«ðØÒ©Òµ,26.05,26.3,25.56,25.57,25.34,0.71,2.8019,0.994,6807786,176603455.17,17841645000.0,17841645000.0
2016-04-08,'002038,Ë«ðØÒ©Òµ,25.34,25.9,25.01,25.9,26.0,-0.66,-2.5385,1.0839,7423862,188782621.12,17355366000.0,17355366000.0
2016-04-07,'002038,Ë«ðØÒ©Òµ,26.0,26.58,25.95,26.58,26.26,-0.26,-0.9901,1.6434,11255776,296037783.36,17807400000.0,17807400000.0
2016-04-06,'002038,Ë«ðØÒ©Òµ,26.26,26.89,25.8,26.37,26.44,-0.18,-0.6808,2.2988,15744625,414037808.81,17985474000.0,17985474000.0
2016-04-05,'002038,Ë«ðØÒ©Òµ,26.44,26.44,23.86,23.9,24.04,2.4,9.9834,3.2086,21976036,571891064.34,18108756000.0,18108756000.0
2016-04-01,'002038,Ë«ðØÒ©Òµ,24.04,24.23,23.11,23.75,23.77,0.27,1.1359,1.4054,9625847,227613480.21,16464996000.0,16464996000.0
2016-03-31,'002038,Ë«ðØÒ©Òµ,23.77,24.2,23.75,23.99,23.91,-0.14,-0.5855,0.9369,6416711,154054654.41,16280073000.0,16280073000.0
2016-03-30,'002038,Ë«ðØÒ©Òµ,23.91,23.96,23.3,23.3,23.2,0.71,3.0603,0.7558,5176612,122229557.74,16375959000.0,16375959000.0
2016-03-29,'002038,Ë«ðØÒ©Òµ,23.2,24.1,22.98,24.05,24.06,-0.86,-3.5744,1.3165,9016657,210719822.29,15889680000.0,15889680000.0
2016-03-28,'002038,Ë«ðØÒ©Òµ,24.06,24.96,23.98,24.5,24.25,-0.19,-0.7835,1.1961,8191807,200611339.81,16478694000.0,16478694000.0
2016-03-25,'002038,Ë«ðØÒ©Òµ,24.25,24.59,23.91,24.0,23.91,0.34,1.422,0.7596,5202628,126283861.67,16608825000.0,16608825000.0
2016-03-24,'002038,Ë«ðØÒ©Òµ,23.91,24.43,23.9,24.4,24.59,-0.68,-2.7654,1.0963,7508475,181332621.62,16375959000.0,16375959000.0
2016-03-23,'002038,Ë«ðØÒ©Òµ,24.59,24.89,24.26,24.5,24.66,-0.07,-0.2839,0.8985,6153717,151010489.76,16841691000.0,16841691000.0
2016-03-22,'002038,Ë«ðØÒ©Òµ,24.66,24.98,24.06,24.28,24.45,0.21,0.8589,1.3908,9525489,234142248.01,16889634000.0,16889634000.0
2016-03-21,'002038,Ë«ðØÒ©Òµ,24.45,24.62,23.88,23.88,23.63,0.82,3.4702,1.7103,11713677,283974293.98,16745805000.0,16745805000.0
2016-03-18,'002038,Ë«ðØÒ©Òµ,23.63,23.74,22.8,22.8,22.73,0.9,3.9595,1.6278,11148741,260439271.24,16184187000.0,16184187000.0
2016-03-17,'002038,Ë«ðØÒ©Òµ,22.73,22.9,22.12,22.32,22.19,0.54,2.4335,0.8593,5885262,132835700.81,15567777000.0,15567777000.0
2016-03-16,'002038,Ë«ðØÒ©Òµ,22.19,22.99,22.09,22.55,22.53,-0.34,-1.5091,0.7074,4844934,108960004.29,15197931000.0,15197931000.0
2016-03-15,'002038,Ë«ðØÒ©Òµ,22.53,22.74,22.4,22.71,22.79,-0.26,-1.1409,0.6607,4525088,102192420.88,15430797000.0,15430797000.0
2016-03-14,'002038,Ë«ðØÒ©Òµ,22.79,23.11,22.4,22.4,22.23,0.56,2.5191,1.1679,7999030,182912411.6,15608871000.0,15608871000.0
2016-03-11,'002038,Ë«ðØÒ©Òµ,22.23,22.5,21.78,21.9,22.15,0.08,0.3612,0.633,4335564,96165242.13,15225327000.0,15225327000.0
2016-03-10,'002038,Ë«ðØÒ©Òµ,22.15,22.8,22.12,22.7,22.71,-0.56,-2.4659,0.8311,5692131,127901649.77,15170535000.0,15170535000.0
2016-03-09,'002038,Ë«ðØÒ©Òµ,22.71,22.8,21.51,21.8,22.2,0.51,2.2973,1.7201,11780695,264068224.86,15554079000.0,15554079000.0
2016-03-08,'002038,Ë«ðØÒ©Òµ,22.2,22.26,21.23,22.05,22.14,0.06,0.271,1.023,7006500,152820739.15,15204780000.0,15204780000.0
2016-03-07,'002038,Ë«ðØÒ©Òµ,22.14,22.64,21.86,22.32,22.09,0.05,0.2263,1.1726,8031204,179015286.7,15163686000.0,15163686000.0
2016-03-04,'002038,Ë«ðØÒ©Òµ,22.09,22.94,21.77,22.76,22.83,-0.74,-3.2413,1.243,8513305,190867041.4,15129441000.0,15129441000.0
2016-03-03,'002038,Ë«ðØÒ©Òµ,22.83,23.1,22.6,22.76,22.8,0.03,0.1316,1.0045,6879741,157248601.28,15636267000.0,15636267000.0
2016-03-02,'002038,Ë«ðØÒ©Òµ,22.8,22.89,21.93,21.95,21.8,1.0,4.5872,1.2998,8902333,199750884.86,15615720000.0,15615720000.0
2016-03-01,'002038,Ë«ðØÒ©Òµ,21.8,21.9,21.0,21.45,21.34,0.46,2.1556,0.841,5759965,123986589.07,14930820000.0,14930820000.0
2016-02-29,'002038,Ë«ðØÒ©Òµ,21.34,22.55,20.88,22.47,22.9,-1.56,-6.8122,1.3216,9051304,194415415.75,14615766000.0,14615766000.0
2016-02-26,'002038,Ë«ðØÒ©Òµ,22.9,23.63,22.39,23.5,23.18,-0.28,-1.2079,1.8985,13002744,297052667.59,15684210000.0,15684210000.0
2016-02-25,'002038,Ë«ðØÒ©Òµ,23.18,25.7,23.18,25.7,25.76,-2.58,-10.0155,1.9783,13549703,325734491.29,15875982000.0,15875982000.0
2016-02-24,'002038,Ë«ðØÒ©Òµ,25.76,26.1,25.38,25.78,25.88,-0.12,-0.4637,0.7496,5134045,132044366.4,17643024000.0,17643024000.0
2016-02-23,'002038,Ë«ðØÒ©Òµ,25.88,26.17,25.73,26.1,26.11,-0.23,-0.8809,0.7075,4845692,125580148.88,17725212000.0,17725212000.0
2016-02-22,'002038,Ë«ðØÒ©Òµ,26.11,26.32,25.77,26.1,25.83,0.28,1.084,0.9997,6846673,178539460.42,17882739000.0,17882739000.0
2016-02-19,'002038,Ë«ðØÒ©Òµ,25.83,26.19,24.99,25.12,25.1,0.73,2.9084,1.1474,7858241,201482370.06,17690967000.0,17690967000.0
2016-02-18,'002038,Ë«ðØÒ©Òµ,25.1,25.5,25.09,25.33,25.31,-0.21,-0.8297,0.942,6451637,162870980.52,17190990000.0,17190990000.0
2016-02-17,'002038,Ë«ðØÒ©Òµ,25.31,25.33,24.71,25.08,25.0,0.31,1.24,1.3754,9420061,235346598.95,17334819000.0,17334819000.0
2016-02-16,'002038,Ë«ðØÒ©Òµ,25.0,25.1,24.16,24.18,24.0,1.0,4.1667,0.9212,6309506,155795852.86,17122500000.0,17122500000.0
2016-02-15,'002038,Ë«ðØÒ©Òµ,24.0,24.19,23.05,23.05,23.72,0.28,1.1804,0.6837,4682771,111393280.88,16437600000.0,16437600000.0
2016-02-05,'002038,Ë«ðØÒ©Òµ,23.72,23.93,23.41,23.73,23.73,-0.01,-0.0421,0.6083,4166318,98545656.05,16245828000.0,16245828000.0
2016-02-04,'002038,Ë«ðØÒ©Òµ,23.73,24.03,23.25,23.3,23.12,0.61,2.6384,1.178,8068059,190933456.68,16252677000.0,16252677000.0
2016-02-03,'002038,Ë«ðØÒ©Òµ,23.12,23.25,22.64,22.97,23.33,-0.21,-0.9001,1.0288,7046168,161512402.34,15834888000.0,15834888000.0
2016-02-02,'002038,Ë«ðØÒ©Òµ,23.33,23.48,22.59,22.8,22.95,0.38,1.6558,1.4737,10093165,233434520.88,15978717000.0,15978717000.0
2016-02-01,'002038,Ë«ðØÒ©Òµ,22.95,24.88,22.84,24.88,25.38,-2.43,-9.5745,2.2501,15410973,365428523.0,15718455000.0,15718455000.0
2016-01-29,'002038,Ë«ðØÒ©Òµ,25.38,25.59,24.5,24.75,24.74,0.64,2.5869,1.2683,8686884,217462110.03,17382762000.0,17382762000.0
2016-01-28,'002038,Ë«ðØÒ©Òµ,24.74,25.39,24.67,25.24,25.4,-0.66,-2.5984,0.5773,3954041,98750379.49,16944426000.0,16944426000.0
2016-01-27,'002038,Ë«ðØÒ©Òµ,25.4,25.7,24.71,25.5,25.5,-0.1,-0.3922,0.8039,5505629,138766318.83,17396460000.0,17396460000.0
2016-01-26,'002038,Ë«ðØÒ©Òµ,25.5,27.0,25.28,26.9,27.1,-1.6,-5.9041,0.7529,5156952,134954277.07,17464950000.0,17464950000.0
2016-01-25,'002038,Ë«ðØÒ©Òµ,27.1,27.46,26.88,27.24,27.0,0.1,0.3704,0.3937,2696172,73353541.51,18560790000.0,18560790000.0
2016-01-22,'002038,Ë«ðØÒ©Òµ,27.0,27.19,26.3,27.0,26.7,0.3,1.1236,0.5058,3464308,92822421.73,18492300000.0,18492300000.0
2016-01-21,'002038,Ë«ðØÒ©Òµ,26.7,28.26,26.65,27.25,27.75,-1.05,-3.7838,1.0624,7276171,199514678.19,18286830000.0,18286830000.0
2016-01-20,'002038,Ë«ðØÒ©Òµ,27.75,28.29,27.0,27.12,27.29,0.46,1.6856,1.1711,8020910,223040405.61,19005975000.0,19005975000.0
2016-01-19,'002038,Ë«ðØÒ©Òµ,27.29,27.3,26.53,26.57,26.75,0.54,2.0187,0.8563,5864886,158267522.04,18690921000.0,18690921000.0
2016-01-18,'002038,Ë«ðØÒ©Òµ,26.75,27.32,25.2,25.37,25.62,1.13,4.4106,1.0818,7409024,196582462.53,18321075000.0,18321075000.0
2016-01-15,'002038,Ë«ðØÒ©Òµ,25.62,26.13,25.25,25.76,26.01,-0.39,-1.4994,0.7401,5069244,130137776.55,17547138000.0,17547138000.0
2016-01-14,'002038,Ë«ðØÒ©Òµ,26.01,26.3,24.65,24.9,25.34,0.67,2.644,0.8273,5665836,144001015.69,17814249000.0,17814249000.0
2016-01-13,'002038,Ë«ðØÒ©Òµ,25.34,26.4,25.34,26.15,26.08,-0.74,-2.8374,0.8093,5543041,144108243.42,17355366000.0,17355366000.0
2016-01-12,'002038,Ë«ðØÒ©Òµ,26.08,26.42,24.98,25.99,25.94,0.14,0.5397,1.2667,8675801,223887739.02,17862192000.0,17862192000.0
2016-01-11,'002038,Ë«ðØÒ©Òµ,25.94,27.98,25.87,27.31,28.02,-2.08,-7.4233,1.0838,7423123,200425829.21,17766306000.0,17766306000.0
2016-01-08,'002038,Ë«ðØÒ©Òµ,28.02,28.49,26.25,27.65,26.89,1.13,4.2023,1.3205,9044138,250714027.89,19190898000.0,19190898000.0
2016-01-07,'002038,Ë«ðØÒ©Òµ,26.89,29.28,26.82,29.28,29.79,-2.9,-9.7348,0.3002,2056253,57709580.37,18416961000.0,18416961000.0
2016-01-06,'002038,Ë«ðØÒ©Òµ,29.79,30.0,29.16,29.6,29.28,0.51,1.7418,0.8147,5580177,165327987.78,20403171000.0,20403171000.0
2016-01-05,'002038,Ë«ðØÒ©Òµ,29.28,30.99,28.61,29.5,30.16,-0.88,-2.9178,1.6747,11469757,338744720.7,20053872000.0,20053872000.0
2016-01-04,'002038,Ë«ðØÒ©Òµ,30.16,33.49,30.15,33.15,33.5,-3.34,-9.9701,0.8899,6095149,193827155.27,20656584000.0,20656584000.0
2015-12-31,'002038,Ë«ðØÒ©Òµ,33.5,33.79,33.41,33.61,33.54,-0.04,-0.1193,0.7631,5226180,175456193.99,22944150000.0,22944150000.0
2015-12-30,'002038,Ë«ðØÒ©Òµ,33.54,33.91,33.17,33.36,33.33,0.21,0.6301,1.1658,7984485,267243774.77,22971546000.0,22971546000.0
2015-12-29,'002038,Ë«ðØÒ©Òµ,33.33,33.68,32.6,33.38,33.5,-0.17,-0.5075,0.9452,6473411,214499010.65,22827717000.0,22827717000.0
2015-12-28,'002038,Ë«ðØÒ©Òµ,33.5,34.4,33.33,33.7,33.66,-0.16,-0.4753,1.1795,8078420,273648596.78,22944150000.0,22944150000.0
2015-12-25,'002038,Ë«ðØÒ©Òµ,33.66,33.85,33.51,33.53,33.61,0.05,0.1488,0.6201,4247225,142981123.44,23053734000.0,23053734000.0
2015-12-24,'002038,Ë«ðØÒ©Òµ,33.61,34.2,33.33,34.2,34.25,-0.64,-1.8686,1.0754,7365097,248073938.75,23019489000.0,23019489000.0
2015-12-23,'002038,Ë«ðØÒ©Òµ,34.25,34.26,33.35,33.45,33.45,0.8,2.3916,2.2903,15686340,532907423.18,23457825000.0,23457825000.0
2015-12-22,'002038,Ë«ðØÒ©Òµ,33.45,33.97,33.25,33.85,33.85,-0.4,-1.1817,1.2837,8792019,294040279.26,22909905000.0,22909905000.0
2015-12-21,'002038,Ë«ðØÒ©Òµ,33.85,33.94,32.83,32.9,33.21,0.64,1.9271,2.0016,13708941,460318124.25,23183865000.0,23183865000.0
2015-12-18,'002038,Ë«ðØÒ©Òµ,33.21,33.92,32.1,33.83,33.96,-0.75,-2.2085,3.3963,23261518,767335693.63,22745529000.0,22745529000.0
2015-12-17,'002038,Ë«ðØÒ©Òµ,33.96,35.2,33.69,34.72,34.77,-0.81,-2.3296,4.1156,28188060,962978658.91,23259204000.0,23259204000.0
2015-12-16,'002038,Ë«ðØÒ©Òµ,34.77,34.99,34.6,34.85,34.79,-0.02,-0.0575,0.8296,5682067,197464730.13,23813973000.0,23813973000.0
2015-12-15,'002038,Ë«ðØÒ©Òµ,34.79,35.21,34.51,34.65,34.52,0.27,0.7822,0.7414,5077942,177379269.13,23827671000.0,23827671000.0
2015-12-14,'002038,Ë«ðØÒ©Òµ,34.52,34.52,33.7,33.8,33.99,0.53,1.5593,0.8325,5702004,195128882.88,23642748000.0,23642748000.0
2015-12-11,'002038,Ë«ðØÒ©Òµ,33.99,34.55,33.86,34.3,34.58,-0.59,-1.7062,0.6953,4762384,162112064.34,23279751000.0,23279751000.0
2015-12-10,'002038,Ë«ðØÒ©Òµ,34.58,34.98,33.8,34.2,34.02,0.56,1.6461,1.0762,7370833,254448996.49,23683842000.0,23683842000.0
2015-12-09,'002038,Ë«ðØÒ©Òµ,34.02,34.8,33.8,34.47,34.37,-0.35,-1.0183,0.8957,6134728,209960441.98,23300298000.0,23300298000.0
2015-12-08,'002038,Ë«ðØÒ©Òµ,34.37,35.95,34.32,35.91,36.05,-1.68,-4.6602,1.2147,8319446,291463765.6,23540013000.0,23540013000.0
2015-12-07,'002038,Ë«ðØÒ©Òµ,36.05,36.38,35.29,35.98,35.86,0.19,0.5298,1.3415,9188258,330560389.42,24690645000.0,24690645000.0
2015-12-04,'002038,Ë«ðØÒ©Òµ,35.86,36.84,35.01,35.2,35.26,0.6,1.7016,1.7444,11947410,432617050.69,24560514000.0,24560514000.0
2015-12-03,'002038,Ë«ðØÒ©Òµ,35.26,35.76,34.85,35.32,35.1,0.16,0.4558,1.4291,9787934,345382546.83,24149574000.0,24149574000.0
2015-12-02,'002038,Ë«ðØÒ©Òµ,35.1,35.24,33.75,33.89,34.0,1.1,3.2353,1.5863,10864349,376733415.14,24039990000.0,24039990000.0
2015-12-01,'002038,Ë«ðØÒ©Òµ,34.0,34.5,33.38,34.3,34.37,-0.37,-1.0765,1.1673,7994751,271485453.78,23286600000.0,23286600000.0
2015-11-30,'002038,Ë«ðØÒ©Òµ,34.37,34.55,32.5,33.71,33.2,1.17,3.5241,1.812,12410637,419203494.39,23540013000.0,23540013000.0
2015-11-27,'002038,Ë«ðØÒ©Òµ,33.2,35.39,32.71,34.09,34.11,-0.91,-2.6678,2.1446,14688157,499798050.51,22738680000.0,22738680000.0
2015-11-26,'002038,Ë«ðØÒ©Òµ,34.11,35.88,34.09,35.43,35.2,-1.09,-3.0966,1.4388,9854572,344093229.15,23361939000.0,23361939000.0
2015-11-25,'002038,Ë«ðØÒ©Òµ,35.2,36.17,33.7,34.09,34.41,0.79,2.2958,2.0546,14071946,492349385.93,24108480000.0,24108480000.0
2015-11-24,'002038,Ë«ðØÒ©Òµ,34.41,34.49,33.42,33.5,34.1,0.31,0.9091,1.9399,13286255,451500394.07,23567409000.0,23567409000.0
2015-11-23,'002038,Ë«ðØÒ©Òµ,34.1,34.55,31.31,31.31,31.41,2.69,8.5642,3.356,22985041,774328263.38,23355090000.0,23355090000.0
2015-11-20,'002038,Ë«ðØÒ©Òµ,31.41,31.93,31.22,31.59,31.55,-0.14,-0.4437,0.9298,6367946,200810208.97,21512709000.0,21512709000.0
2015-11-19,'002038,Ë«ðØÒ©Òµ,31.55,31.55,30.78,30.88,30.85,0.7,2.269,0.7608,5210899,161970217.29,21608595000.0,21608595000.0
2015-11-18,'002038,Ë«ðØÒ©Òµ,30.85,31.91,30.8,31.6,31.7,-0.85,-2.6814,1.0056,6887282,216082104.19,21129165000.0,21129165000.0
2015-11-17,'002038,Ë«ðØÒ©Òµ,31.7,32.93,31.7,32.7,32.48,-0.78,-2.4015,1.4982,10260890,332447358.07,21711330000.0,21711330000.0
2015-11-16,'002038,Ë«ðØÒ©Òµ,32.48,32.55,31.55,31.88,32.27,0.21,0.6508,0.9693,6638852,212426974.02,22245552000.0,22245552000.0
2015-11-13,'002038,Ë«ðØÒ©Òµ,32.27,33.0,32.26,32.8,33.36,-1.09,-3.2674,1.2897,8833332,287956682.71,22101723000.0,22101723000.0
2015-11-12,'002038,Ë«ðØÒ©Òµ,33.36,33.88,32.28,32.6,32.64,0.72,2.2059,1.8948,12977363,431036936.67,22848264000.0,22848264000.0
2015-11-11,'002038,Ë«ðØÒ©Òµ,32.64,33.05,31.15,31.3,31.23,1.41,4.5149,1.7772,12171964,390458020.13,22355136000.0,22355136000.0
2015-11-10,'002038,Ë«ðØÒ©Òµ,31.23,31.56,30.9,31.34,31.45,-0.22,-0.6995,1.4892,10199851,318536689.58,21389427000.0,21389427000.0
2015-11-09,'002038,Ë«ðØÒ©Òµ,31.45,31.68,30.73,30.9,31.1,0.35,1.1254,2.1846,14962313,466449003.81,21540105000.0,21540105000.0
2015-11-06,'002038,Ë«ðØÒ©Òµ,31.1,31.27,29.93,30.0,29.93,1.17,3.9091,1.9784,13549920,418709669.11,21300390000.0,21300390000.0
2015-11-05,'002038,Ë«ðØÒ©Òµ,29.93,30.63,29.6,29.98,29.88,0.05,0.1673,2.4414,16720988,504196391.61,20499057000.0,20499057000.0
2015-11-04,'002038,Ë«ðØÒ©Òµ,29.88,30.05,28.73,28.73,28.68,1.2,4.1841,1.6408,11237836,332398815.98,20464812000.0,20464812000.0
2015-11-03,'002038,Ë«ðØÒ©Òµ,28.68,28.9,28.31,28.61,28.51,0.17,0.5963,0.766,5245994,150201344.12,19642932000.0,19642932000.0
2015-11-02,'002038,Ë«ðØÒ©Òµ,28.51,29.48,28.38,28.94,29.41,-0.9,-3.0602,1.0149,6951297,201314400.76,19526499000.0,19526499000.0
2015-10-30,'002038,Ë«ðØÒ©Òµ,29.41,29.98,29.19,29.85,29.99,-0.58,-1.934,1.2847,8798682,259879518.3,20142909000.0,20142909000.0
2015-10-29,'002038,Ë«ðØÒ©Òµ,29.99,30.24,29.5,29.5,29.52,0.47,1.5921,1.0293,7049658,210861458.36,20540151000.0,20540151000.0
2015-10-28,'002038,Ë«ðØÒ©Òµ,29.52,30.66,29.4,30.27,30.36,-0.84,-2.7668,1.2567,8607040,258959150.22,20218248000.0,20218248000.0
2015-10-27,'002038,Ë«ðØÒ©Òµ,30.36,30.5,29.1,29.8,30.12,0.24,0.7968,1.347,9225362,274827618.33,20793564000.0,20793564000.0
2015-10-26,'002038,Ë«ðØÒ©Òµ,30.12,31.0,29.91,30.93,30.4,-0.28,-0.9211,1.7281,11835686,357731893.8,20629188000.0,20629188000.0
2015-10-23,'002038,Ë«ðØÒ©Òµ,30.4,30.74,29.46,29.46,29.08,1.32,4.5392,2.7681,18958773,571429396.68,20820960000.0,20820960000.0
2015-10-22,'002038,Ë«ðØÒ©Òµ,29.08,29.14,27.83,27.99,27.8,1.28,4.6043,1.8399,12601389,361429966.61,19916892000.0,19916892000.0
2015-10-21,'002038,Ë«ðØÒ©Òµ,27.8,30.5,27.43,29.24,29.16,-1.36,-4.6639,2.6916,18434974,538353924.36,19040220000.0,19040220000.0
2015-10-20,'002038,Ë«ðØÒ©Òµ,29.16,29.25,28.56,28.72,28.81,0.35,1.2149,1.2655,8667594,250965828.97,19971684000.0,19971684000.0
2015-10-19,'002038,Ë«ðØÒ©Òµ,28.81,29.4,28.57,29.26,29.22,-0.41,-1.4031,1.404,9616184,278743779.81,19731969000.0,19731969000.0
2015-10-16,'002038,Ë«ðØÒ©Òµ,29.22,29.65,28.7,29.55,29.33,-0.11,-0.375,1.5744,10782930,314166977.82,20012778000.0,20012778000.0
2015-10-15,'002038,Ë«ðØÒ©Òµ,29.33,29.55,28.09,28.35,28.35,0.98,3.4568,1.7435,11941011,346188633.2,20088117000.0,20088117000.0
2015-10-14,'002038,Ë«ðØÒ©Òµ,28.35,28.94,28.32,28.5,28.5,-0.15,-0.5263,1.592,10903611,311824768.89,19416915000.0,19416915000.0
2015-10-13,'002038,Ë«ðØÒ©Òµ,28.5,28.98,27.88,28.12,28.38,0.12,0.4228,1.64,11232424,320870742.73,19519650000.0,19519650000.0
2015-10-12,'002038,Ë«ðØÒ©Òµ,28.38,28.45,27.01,27.16,27.02,1.36,5.0333,2.4468,16758171,467494169.08,19437462000.0,19437462000.0
2015-10-09,'002038,Ë«ðØÒ©Òµ,27.02,27.15,26.55,26.73,26.73,0.29,1.0849,1.1325,7756343,208425253.78,18505998000.0,18505998000.0
2015-10-08,'002038,Ë«ðØÒ©Òµ,26.73,27.26,26.51,26.89,25.68,1.05,4.0888,1.5331,10500026,281847645.33,18307377000.0,18307377000.0
2015-09-30,'002038,Ë«ðØÒ©Òµ,25.68,26.08,25.6,25.87,25.86,-0.18,-0.6961,0.7209,4937526,127429818.69,17588232000.0,17588232000.0
2015-09-29,'002038,Ë«ðØÒ©Òµ,25.86,26.2,25.67,26.14,26.49,-0.63,-2.3783,0.6835,4681512,121333366.7,17711514000.0,17711514000.0
2015-09-28,'002038,Ë«ðØÒ©Òµ,26.49,26.55,25.78,26.22,26.22,0.27,1.0297,0.6988,4786002,125309534.0,18143001000.0,18143001000.0
2015-09-25,'002038,Ë«ðØÒ©Òµ,26.22,27.29,25.93,27.0,27.1,-0.88,-3.2472,0.8029,5499309,146482065.1,17958078000.0,17958078000.0
2015-09-24,'002038,Ë«ðØÒ©Òµ,27.1,27.28,26.8,26.95,26.71,0.39,1.4601,0.8805,6030672,163249775.48,18560790000.0,18560790000.0
2015-09-23,'002038,Ë«ðØÒ©Òµ,26.71,27.2,26.58,27.08,27.44,-0.73,-2.6603,1.1779,8067544,217297706.82,18293679000.0,18293679000.0
2015-09-22,'002038,Ë«ðØÒ©Òµ,27.44,27.9,27.27,27.55,27.58,-0.14,-0.5076,1.3483,9234433,254448896.14,18793656000.0,18793656000.0
2015-09-21,'002038,Ë«ðØÒ©Òµ,27.58,27.65,26.26,26.5,26.77,0.81,3.0258,1.3907,9525168,257688190.84,18889542000.0,18889542000.0
2015-09-18,'002038,Ë«ðØÒ©Òµ,26.77,27.2,26.25,26.25,26.16,0.61,2.3318,0.8845,6058044,161341737.73,18334773000.0,18334773000.0
2015-09-17,'002038,Ë«ðØÒ©Òµ,26.16,27.64,26.12,26.77,27.18,-1.02,-3.7528,1.7063,11686182,314328255.46,17916984000.0,17916984000.0
2015-09-16,'002038,Ë«ðØÒ©Òµ,27.18,27.5,24.8,24.99,25.0,2.18,8.72,2.0825,14262741,370300302.41,18615582000.0,18615582000.0
2015-09-15,'002038,Ë«ðØÒ©Òµ,25.0,25.99,24.81,25.01,25.56,-0.56,-2.1909,1.5863,10864237,274824024.56,17122500000.0,17122500000.0
2015-09-14,'002038,Ë«ðØÒ©Òµ,25.56,28.35,25.5,28.3,28.3,-2.74,-9.682,1.5808,10827123,288981246.37,17506044000.0,17506044000.0
2015-09-11,'002038,Ë«ðØÒ©Òµ,28.3,28.45,27.0,28.25,27.96,0.34,1.216,1.8201,12465557,348431516.39,19382670000.0,19382670000.0
2015-09-10,'002038,Ë«ðØÒ©Òµ,27.96,28.88,27.9,28.6,29.05,-1.09,-3.7522,1.3418,9189802,261389044.41,19149804000.0,19149804000.0
2015-09-09,'002038,Ë«ðØÒ©Òµ,29.05,29.68,28.11,28.75,28.61,0.44,1.5379,2.2362,15315745,444669240.04,19896345000.0,19896345000.0
2015-09-08,'002038,Ë«ðØÒ©Òµ,28.61,28.61,26.3,26.31,26.94,1.67,6.199,1.6458,11272234,310725564.98,19594989000.0,19594989000.0
2015-09-07,'002038,Ë«ðØÒ©Òµ,26.94,28.08,26.1,26.1,26.03,0.91,3.496,2.2427,15360586,417787720.85,18451206000.0,18451206000.0
2015-09-02,'002038,Ë«ðØÒ©Òµ,26.03,26.99,24.1,24.11,26.3,-0.27,-1.0266,3.1438,21532167,550679029.48,17827947000.0,17827947000.0
2015-09-01,'002038,Ë«ðØÒ©Òµ,26.3,27.7,25.9,27.7,28.01,-1.71,-6.105,3.5589,24374820,646042441.02,18012870000.0,18012870000.0
2015-08-31,'002038,Ë«ðØÒ©Òµ,28.01,29.64,27.26,29.64,29.5,-1.49,-5.0508,3.2644,22357733,627948719.13,19184049000.0,19184049000.0
2015-08-28,'002038,Ë«ðØÒ©Òµ,29.5,29.95,27.9,28.31,28.17,1.33,4.7213,3.5177,24093038,692650874.3,20204550000.0,20204550000.0
2015-08-27,'002038,Ë«ðØÒ©Òµ,28.17,28.17,26.38,26.8,25.61,2.56,9.9961,4.1811,28636617,780159046.09,19293633000.0,19293633000.0
2015-08-26,'002038,Ë«ðØÒ©Òµ,25.61,29.14,25.55,28.05,28.05,-2.44,-8.6988,4.1863,28672235,788169855.46,17540289000.0,17540289000.0
2015-08-25,'002038,Ë«ðØÒ©Òµ,28.05,29.24,28.05,28.05,31.17,-3.12,-10.0096,4.4426,30427469,857093130.16,19211445000.0,19211445000.0
2015-08-24,'002038,Ë«ðØÒ©Òµ,31.17,32.0,31.17,31.17,34.63,-3.46,-9.9913,2.3337,15983340,499449969.23,21348333000.0,21348333000.0
2015-08-21,'002038,Ë«ðØÒ©Òµ,34.63,38.06,34.63,36.7,38.48,-3.85,-10.0052,4.7121,32273382,1157058044.18,23718087000.0,23718087000.0
2015-08-20,'002038,Ë«ðØÒ©Òµ,38.48,42.8,38.48,41.63,42.75,-4.27,-9.9883,6.2326,42686948,1726655510.35,26354952000.0,26354952000.0
2015-08-19,'002038,Ë«ðØÒ©Òµ,42.75,42.79,37.1,37.89,38.9,3.85,9.8972,6.9043,47287758,1894224956.9,29279475000.0,29279475000.0
2015-08-18,'002038,Ë«ðØÒ©Òµ,38.9,39.88,36.4,39.0,38.59,0.31,0.8033,7.9682,54574050,2101574986.16,26642610000.0,26642610000.0
2015-08-17,'002038,Ë«ðØÒ©Òµ,38.59,38.59,34.15,34.7,35.08,3.51,10.0057,4.9553,33938554,1267918025.02,26430291000.0,26430291000.0
2015-08-14,'002038,Ë«ðØÒ©Òµ,35.08,35.58,34.8,35.08,35.05,0.03,0.0856,1.3541,9274124,326955598.23,24026292000.0,24026292000.0
2015-08-13,'002038,Ë«ðØÒ©Òµ,35.05,35.1,34.2,34.57,34.75,0.3,0.8633,1.1138,7628168,264678130.72,24005745000.0,24005745000.0
2015-08-12,'002038,Ë«ðØÒ©Òµ,34.75,35.73,34.66,35.13,35.4,-0.65,-1.8362,1.4204,9728253,342244607.44,23800275000.0,23800275000.0
2015-08-11,'002038,Ë«ðØÒ©Òµ,35.4,35.9,35.26,35.8,35.87,-0.47,-1.3103,2.2246,15236426,541172539.05,24245460000.0,24245460000.0
2015-08-10,'002038,Ë«ðØÒ©Òµ,35.87,36.04,34.4,34.7,34.45,1.42,4.1219,2.1375,14640034,518204528.28,24567363000.0,24567363000.0
2015-08-07,'002038,Ë«ðØÒ©Òµ,34.45,34.67,33.86,34.0,33.69,0.76,2.2559,1.0262,7028679,241387537.33,23594805000.0,23594805000.0
2015-08-06,'002038,Ë«ðØÒ©Òµ,33.69,34.3,33.44,33.8,34.3,-0.61,-1.7784,0.9952,6816094,230340503.35,23074281000.0,23074281000.0
2015-08-05,'002038,Ë«ðØÒ©Òµ,34.3,35.28,34.0,34.9,35.21,-0.91,-2.5845,1.5528,10635234,369418741.67,23492070000.0,23492070000.0
2015-08-04,'002038,Ë«ðØÒ©Òµ,35.21,35.25,33.63,33.8,33.6,1.61,4.7917,1.8025,12345040,426418308.19,24115329000.0,24115329000.0
2015-08-03,'002038,Ë«ðØÒ©Òµ,33.6,33.62,32.81,33.0,33.47,0.13,0.3884,2.046,14012898,463889611.51,23012640000.0,23012640000.0
2015-07-31,'002038,Ë«ðØÒ©Òµ,33.47,33.58,31.92,32.35,32.95,0.52,1.5781,1.9041,13041456,429088061.51,22923603000.0,22923603000.0
2015-07-30,'002038,Ë«ðØÒ©Òµ,32.95,35.33,32.9,33.94,34.02,-1.07,-3.1452,2.3132,15843442,545657648.55,22567455000.0,22567455000.0
2015-07-29,'002038,Ë«ðØÒ©Òµ,34.02,34.05,32.05,32.8,32.53,1.49,4.5804,2.3226,15907643,522406770.65,23300298000.0,23300298000.0
2015-07-28,'002038,Ë«ðØÒ©Òµ,32.53,33.52,29.88,31.25,32.81,-0.28,-0.8534,3.7637,25777884,814649441.16,22279797000.0,22279797000.0
2015-07-27,'002038,Ë«ðØÒ©Òµ,32.81,35.95,32.81,35.4,36.46,-3.65,-10.011,3.847,26348005,909037314.28,22471569000.0,22471569000.0
2015-07-24,'002038,Ë«ðØÒ©Òµ,36.46,38.08,36.21,37.78,37.81,-1.35,-3.5705,3.2123,22000915,820395167.64,24971454000.0,24971454000.0
2015-07-23,'002038,Ë«ðØÒ©Òµ,37.81,37.92,36.37,36.58,36.22,1.59,4.3898,3.4385,23550168,873777703.68,25896069000.0,25896069000.0
2015-07-22,'002038,Ë«ðØÒ©Òµ,36.22,36.8,35.32,36.2,36.48,-0.26,-0.7127,2.4892,17048369,615109324.89,24807078000.0,24807078000.0
2015-07-21,'002038,Ë«ðØÒ©Òµ,36.48,37.17,34.7,35.15,35.85,0.63,1.7573,2.5729,17622051,635614981.21,24985152000.0,24985152000.0
2015-07-20,'002038,Ë«ðØÒ©Òµ,35.85,36.69,35.0,35.55,35.59,0.26,0.7305,3.1779,21765279,777642807.57,24553665000.0,24553665000.0
2015-07-17,'002038,Ë«ðØÒ©Òµ,35.59,35.85,33.26,33.26,33.0,2.59,7.8485,3.3704,23083783,798387435.76,24375591000.0,24375591000.0
2015-07-16,'002038,Ë«ðØÒ©Òµ,33.0,34.4,30.51,32.49,32.49,0.51,1.5697,3.1247,21400793,701618942.86,22601700000.0,22601700000.0
2015-07-15,'002038,Ë«ðØÒ©Òµ,32.49,36.0,32.49,36.0,36.1,-3.61,-10.0,3.6912,25281261,859695049.48,22252401000.0,22252401000.0
2015-07-14,'002038,Ë«ðØÒ©Òµ,54.45,54.45,54.45,54.45,49.5,4.95,10.0,0.5258,2400801,130723614.45,24861870000.0,24861870000.0
2015-07-13,'002038,Ë«ðØÒ©Òµ,49.5,49.5,49.5,49.5,45.0,4.5,10.0,0.2108,962706,47653947.0,22601700000.0,22601700000.0
2015-07-10,'002038,Ë«ðØÒ©Òµ,0.0,0.0,0.0,0.0,45.0,None,None,0.0,0,0.0,20547000000.0,20547000000.0
2015-07-09,'002038,Ë«ðØÒ©Òµ,0.0,0.0,0.0,0.0,45.0,None,None,0.0,0,0.0,20547000000.0,20547000000.0
2015-07-08,'002038,Ë«ðØÒ©Òµ,0.0,0.0,0.0,0.0,45.0,None,None,0.0,0,0.0,20547000000.0,20547000000.0
2015-07-07,'002038,Ë«ðØÒ©Òµ,45.0,48.9,45.0,48.4,50.0,-5.0,-10.0,4.0486,18485952,846523724.79,20547000000.0,20547000000.0
2015-07-06,'002038,Ë«ðØÒ©Òµ,50.0,55.0,46.0,55.0,50.0,0.0,0.0,4.163,19008132,946201277.61,22830000000.0,22830000000.0
2015-07-03,'002038,Ë«ðØÒ©Òµ,50.0,55.3,48.0,52.0,53.0,-3.0,-5.6604,3.2205,14712430,761601158.31,22842000000.0,22842000000.0
2015-07-02,'002038,Ë«ðØÒ©Òµ,53.0,56.13,50.0,55.19,54.89,-1.89,-3.4433,2.7018,12342979,665289060.92,24212520000.0,24212520000.0
2015-07-01,'002038,Ë«ðØÒ©Òµ,54.89,59.29,54.85,56.0,56.65,-1.76,-3.1068,3.0147,13772494,791556631.87,25075947600.0,25075947600.0
2015-06-30,'002038,Ë«ðØÒ©Òµ,56.65,56.65,49.45,52.49,51.5,5.15,10.0,2.8808,13160643,708761350.35,25879986000.0,25879986000.0
2015-06-29,'002038,Ë«ðØÒ©Òµ,51.5,56.22,49.29,55.63,54.76,-3.26,-5.9533,3.7501,17131979,905881177.43,23527260000.0,23527260000.0
2015-06-26,'002038,Ë«ðØÒ©Òµ,54.76,60.2,54.65,59.01,60.72,-5.96,-9.8155,3.1916,14580548,833558894.56,25016558400.0,25016558400.0
2015-06-25,'002038,Ë«ðØÒ©Òµ,60.72,64.0,60.31,62.1,62.08,-1.36,-2.1907,1.8994,8677435,542041639.36,27739324800.0,27739324800.0
2015-06-24,'002038,Ë«ðØÒ©Òµ,62.08,63.3,59.88,62.57,62.0,0.08,0.129,2.0967,9578558,591497590.6,28360627200.0,28360627200.0
2015-06-23,'002038,Ë«ðØÒ©Òµ,62.0,62.2,58.0,61.6,61.55,0.45,0.7311,1.8658,8523502,517676727.6,28324080000.0,28324080000.0
2015-06-19,'002038,Ë«ðØÒ©Òµ,61.55,64.22,61.0,64.22,64.77,-3.22,-4.9714,2.2509,10282796,643814951.81,28118502000.0,28118502000.0
2015-06-18,'002038,Ë«ðØÒ©Òµ,64.77,68.2,64.69,67.0,67.0,-2.23,-3.3284,1.5148,6920293,463229478.43,29589526800.0,29589526800.0
2015-06-17,'002038,Ë«ðØÒ©Òµ,67.0,67.0,64.55,66.5,66.52,0.48,0.7216,1.49,6806764,450018984.92,30608280000.0,30608280000.0
2015-06-16,'002038,Ë«ðØÒ©Òµ,66.52,66.99,64.82,66.99,67.38,-0.86,-1.2763,2.4704,11285569,742976579.34,30388996800.0,30388996800.0
2015-06-15,'002038,Ë«ðØÒ©Òµ,67.38,71.97,67.2,71.95,71.29,-3.91,-5.4846,2.7296,12469900,859664948.37,30781879200.0,30781879200.0
2015-06-12,'002038,Ë«ðØÒ©Òµ,71.29,71.9,69.85,70.45,70.0,1.29,1.8429,2.7164,12409418,880930080.15,32568123600.0,32568123600.0
2015-06-11,'002038,Ë«ðØÒ©Òµ,70.0,70.33,69.2,69.8,69.85,0.15,0.2147,2.0303,9275060,646977565.2,31978800000.0,31978800000.0
2015-06-10,'002038,Ë«ðØÒ©Òµ,69.85,70.8,68.26,69.33,69.56,0.29,0.4169,1.9153,8750014,611882449.53,31910274000.0,31910274000.0
2015-06-09,'002038,Ë«ðØÒ©Òµ,69.56,70.66,68.8,69.15,69.07,0.49,0.7094,1.5514,7087320,492811746.7,31777790400.0,31777790400.0
2015-06-08,'002038,Ë«ðØÒ©Òµ,69.07,70.4,68.1,69.5,70.75,-1.68,-2.3746,2.3694,10824169,746151449.12,31553938800.0,31553938800.0
2015-06-05,'002038,Ë«ðØÒ©Òµ,70.75,73.28,68.88,72.02,72.0,-1.25,-1.7361,2.3794,10870228,773706449.25,32321430000.0,32321430000.0
2015-06-04,'002038,Ë«ðØÒ©Òµ,72.0,74.2,67.2,73.88,73.31,-1.31,-1.7869,2.3632,10796247,760583266.3,32892480000.0,32892480000.0
2015-06-03,'002038,Ë«ðØÒ©Òµ,73.31,75.88,71.88,71.99,70.88,2.43,3.4283,3.0946,14137283,1043132748.01,33490940400.0,33490940400.0
2015-06-02,'002038,Ë«ðØÒ©Òµ,70.88,72.1,68.3,68.44,67.29,3.59,5.3351,2.8729,13124436,924975134.69,32380819200.0,32380819200.0
2015-06-01,'002038,Ë«ðØÒ©Òµ,67.29,68.02,65.41,65.5,65.0,2.29,3.5231,2.4711,11288975,754870452.7,30740763600.0,30740763600.0
2015-05-29,'002038,Ë«ðØÒ©Òµ,65.0,66.25,62.3,65.2,65.25,-0.25,-0.3831,2.7647,12630155,817910984.91,29694600000.0,29694600000.0
2015-05-28,'002038,Ë«ðØÒ©Òµ,65.25,70.23,65.02,69.25,69.25,-4.0,-5.7762,2.8107,12840299,873799847.84,29808810000.0,29808810000.0
2015-05-27,'002038,Ë«ðØÒ©Òµ,69.25,71.8,68.7,70.82,71.0,-1.75,-2.4648,1.9956,9116581,636296859.37,31636170000.0,31636170000.0
2015-05-26,'002038,Ë«ðØÒ©Òµ,71.0,71.68,69.2,71.0,70.65,0.35,0.4954,1.9145,8746216,616589479.61,32435640000.0,32435640000.0
2015-05-25,'002038,Ë«ðØÒ©Òµ,70.65,70.88,68.1,69.48,69.4,1.25,1.8012,2.0985,9586968,667579948.16,32275746000.0,32275746000.0
2015-05-22,'002038,Ë«ðØÒ©Òµ,69.4,69.88,67.5,68.8,68.71,0.69,1.0042,1.9656,8979716,616446148.18,31704696000.0,31704696000.0
2015-05-21,'002038,Ë«ðØÒ©Òµ,68.71,68.89,65.91,67.04,66.79,1.92,2.8747,1.9455,8888019,602611607.26,31389476400.0,31389476400.0
2015-05-20,'002038,Ë«ðØÒ©Òµ,66.79,69.83,66.3,66.5,66.26,0.53,0.7999,2.3384,10682600,725616587.89,30512343600.0,30512343600.0
2015-05-19,'002038,Ë«ðØÒ©Òµ,66.26,66.47,64.9,66.2,66.0,0.26,0.3939,1.9749,9022109,592896770.3,30270218400.0,30270218400.0
2015-05-18,'002038,Ë«ðØÒ©Òµ,66.0,66.5,62.2,62.27,62.83,3.17,5.0454,2.7516,12570516,820784460.78,30151440000.0,30151440000.0
2015-05-15,'002038,Ë«ðØÒ©Òµ,62.83,63.8,61.58,62.0,62.83,0.0,0.0,1.7752,8109927,508067257.25,28703257200.0,28703257200.0
2015-05-14,'002038,Ë«ðØÒ©Òµ,62.83,63.99,62.52,63.01,63.5,-0.67,-1.0551,1.542,7044632,444365893.61,28703257200.0,28703257200.0
2015-05-13,'002038,Ë«ðØÒ©Òµ,63.5,65.25,62.51,63.01,63.4,0.1,0.1577,2.1707,9916544,633856429.55,29009340000.0,29009340000.0
2015-05-12,'002038,Ë«ðØÒ©Òµ,63.4,64.44,61.97,64.2,64.63,-1.23,-1.9031,3.4054,15557308,981700986.3,28963656000.0,28963656000.0
2015-05-11,'002038,Ë«ðØÒ©Òµ,64.63,65.9,61.77,62.99,61.77,2.86,4.6301,4.2315,19331304,1233184570.65,29525569200.0,29525569200.0
2015-05-08,'002038,Ë«ðØÒ©Òµ,61.77,61.77,56.41,57.0,56.15,5.62,10.0089,4.2082,19224833,1134510563.23,28219006800.0,28219006800.0
2015-05-07,'002038,Ë«ðØÒ©Òµ,56.15,57.29,55.7,56.0,55.8,0.35,0.6272,2.0166,9212472,519742045.43,25651566000.0,25651566000.0
2015-05-06,'002038,Ë«ðØÒ©Òµ,55.8,57.5,55.32,55.8,55.0,0.8,1.4545,2.24,10233100,577401897.52,25491672000.0,25491672000.0
2015-05-05,'002038,Ë«ðØÒ©Òµ,55.0,56.97,54.88,55.82,56.04,-1.04,-1.8558,2.3316,10651618,595028663.5,25126200000.0,25126200000.0
2015-05-04,'002038,Ë«ðØÒ©Òµ,56.04,56.86,53.99,53.99,53.44,2.6,4.8653,2.6923,12299352,681736345.16,25601313600.0,25601313600.0
2015-04-30,'002038,Ë«ðØÒ©Òµ,53.44,54.65,53.42,53.62,53.49,-0.05,-0.0935,2.3018,10515630,567148379.94,24413529600.0,24413529600.0
2015-04-29,'002038,Ë«ðØÒ©Òµ,53.49,53.97,52.4,52.44,52.35,1.14,2.1777,2.8235,12899066,686792217.61,24436371600.0,24436371600.0
2015-04-28,'002038,Ë«ðØÒ©Òµ,52.35,57.7,51.98,57.0,57.44,-5.09,-8.8614,5.337,24381613,1311368235.37,23915574000.0,23915574000.0
2015-04-27,'002038,Ë«ðØÒ©Òµ,57.44,58.68,56.0,56.0,55.92,1.52,2.7182,2.7576,12597832,727070474.52,26240889600.0,26240889600.0
2015-04-24,'002038,Ë«ðØÒ©Òµ,55.92,57.7,54.7,56.38,57.15,-1.23,-2.1522,2.0619,9419645,528947885.6,25546492800.0,25546492800.0
2015-04-23,'002038,Ë«ðØÒ©Òµ,57.15,57.8,53.81,54.03,54.26,2.89,5.3262,3.365,15372562,857468686.07,26108406000.0,26108406000.0
2015-04-22,'002038,Ë«ðØÒ©Òµ,54.26,54.95,53.91,53.91,53.7,0.56,1.0428,1.5742,7191797,390807027.04,24788138400.0,24788138400.0
2015-04-21,'002038,Ë«ðØÒ©Òµ,53.7,53.85,52.1,52.12,52.08,1.62,3.1106,1.6965,7750234,413433497.35,24532308000.0,24532308000.0
2015-04-20,'002038,Ë«ðØÒ©Òµ,52.08,54.2,51.8,54.2,54.3,-2.22,-4.0884,2.6302,12015782,636632820.84,23792227200.0,23792227200.0
2015-04-17,'002038,Ë«ðØÒ©Òµ,54.3,55.87,53.81,55.68,55.33,-1.03,-1.8616,2.4561,11220268,610973437.07,24806412000.0,24806412000.0
2015-04-16,'002038,Ë«ðØÒ©Òµ,55.33,56.0,53.8,54.19,54.85,0.48,0.8751,1.6227,7413326,409111037.33,25276957200.0,25276957200.0
2015-04-15,'002038,Ë«ðØÒ©Òµ,54.85,57.9,54.71,57.68,57.89,-3.04,-5.2513,2.0583,9402966,525774259.15,25057674000.0,25057674000.0
2015-04-14,'002038,Ë«ðØÒ©Òµ,57.89,59.99,57.35,57.98,58.31,-0.42,-0.7203,2.1877,9994086,585296236.44,26446467600.0,26446467600.0
2015-04-13,'002038,Ë«ðØÒ©Òµ,58.31,59.2,55.91,57.0,56.0,2.31,4.125,2.8717,13119071,757871548.81,26638340400.0,26638340400.0
2015-04-10,'002038,Ë«ðØÒ©Òµ,56.0,56.49,52.95,53.47,53.64,2.36,4.3997,1.8947,8655965,475011000.09,25583040000.0,25583040000.0
2015-04-09,'002038,Ë«ðØÒ©Òµ,53.64,55.36,52.25,54.61,55.0,-1.36,-2.4727,1.934,8835513,472160730.97,24504897600.0,24504897600.0
2015-04-08,'002038,Ë«ðØÒ©Òµ,55.0,56.88,54.36,56.88,57.0,-2.0,-3.5088,2.2805,10418206,577170352.2,25126200000.0,25126200000.0
2015-04-07,'002038,Ë«ðØÒ©Òµ,57.0,57.33,55.7,55.7,55.31,1.69,3.0555,1.855,8474428,479534179.93,26039880000.0,26039880000.0
2015-04-03,'002038,Ë«ðØÒ©Òµ,55.31,55.59,54.18,54.64,54.89,0.42,0.7652,1.6579,7574168,416647131.63,25267820400.0,25267820400.0
2015-04-02,'002038,Ë«ðØÒ©Òµ,54.89,56.79,53.9,55.2,54.65,0.24,0.4392,2.2272,10174639,560410342.38,25075947600.0,25075947600.0
2015-04-01,'002038,Ë«ðØÒ©Òµ,54.65,55.13,53.88,53.98,54.0,0.65,1.2037,1.4413,6584265,359985470.63,24966306000.0,24966306000.0
2015-03-31,'002038,Ë«ðØÒ©Òµ,54.0,55.54,53.85,54.8,54.82,-0.82,-1.4958,1.4849,6783548,370056661.64,24669360000.0,24669360000.0
2015-03-30,'002038,Ë«ðØÒ©Òµ,54.82,55.88,52.5,52.5,52.21,2.61,4.999,1.8778,8578613,467648858.51,25043968800.0,25043968800.0
2015-03-27,'002038,Ë«ðØÒ©Òµ,52.21,52.68,51.29,51.73,51.72,0.49,0.9474,1.0918,4987845,260292411.56,23851616400.0,23851616400.0
2015-03-26,'002038,Ë«ðØÒ©Òµ,51.72,52.7,51.25,52.7,52.72,-1.0,-1.8968,1.3023,5949577,308181487.69,23627764800.0,23627764800.0
2015-03-25,'002038,Ë«ðØÒ©Òµ,52.72,53.43,51.1,51.2,51.5,1.22,2.3689,2.2212,10147431,531575662.91,24084604800.0,24084604800.0
2015-03-24,'002038,Ë«ðØÒ©Òµ,51.5,52.56,50.65,52.06,52.08,-0.58,-1.1137,2.6269,12000553,617682395.04,23527260000.0,23527260000.0
2015-03-23,'002038,Ë«ðØÒ©Òµ,52.08,53.1,51.79,52.26,52.09,-0.01,-0.0192,1.7303,7904690,413205278.91,23792227200.0,23792227200.0
2015-03-20,'002038,Ë«ðØÒ©Òµ,52.09,52.68,50.61,51.51,51.55,0.54,1.0475,1.7092,7808537,405023766.02,23796795600.0,23796795600.0
2015-03-19,'002038,Ë«ðØÒ©Òµ,51.55,52.22,51.3,52.2,52.21,-0.66,-1.2641,1.7118,7820368,403489120.99,23550102000.0,23550102000.0
2015-03-18,'002038,Ë«ðØÒ©Òµ,52.21,52.4,50.88,51.96,51.96,0.25,0.4811,2.1693,9910243,511811417.86,23851616400.0,23851616400.0
2015-03-17,'002038,Ë«ðØÒ©Òµ,51.96,53.63,51.58,51.59,51.1,0.86,1.683,2.863,13079183,688896624.51,23737406400.0,23737406400.0
2015-03-16,'002038,Ë«ðØÒ©Òµ,51.1,51.5,49.0,49.04,48.63,2.47,5.0792,3.0822,14080672,712690323.28,23344524000.0,23344524000.0
2015-03-13,'002038,Ë«ðØÒ©Òµ,48.63,50.22,47.98,48.2,48.05,0.58,1.2071,3.306,15102989,744541291.74,22216129200.0,22216129200.0
2015-03-12,'002038,Ë«ðØÒ©Òµ,48.05,48.95,44.64,44.72,44.5,3.55,7.9775,4.2232,19293491,922894248.12,21951162000.0,21951162000.0
2015-03-11,'002038,Ë«ðØÒ©Òµ,44.5,45.96,44.35,45.53,45.52,-1.02,-2.2408,1.7116,7819296,353344824.6,20329380000.0,20329380000.0
2015-03-10,'002038,Ë«ðØÒ©Òµ,45.52,46.0,43.82,44.0,44.03,1.49,3.3841,2.1563,9850710,440310878.4,20795356800.0,20795356800.0
2015-03-09,'002038,Ë«ðØÒ©Òµ,44.03,44.17,43.11,43.75,43.79,0.24,0.5481,1.4092,6437753,282233876.37,20114665200.0,20114665200.0
2015-03-06,'002038,Ë«ðØÒ©Òµ,43.79,45.27,43.58,45.21,45.17,-1.38,-3.0551,1.7232,7872349,348229642.04,20005023600.0,20005023600.0
2015-03-05,'002038,Ë«ðØÒ©Òµ,45.17,45.8,44.62,45.43,45.41,-0.24,-0.5285,1.8058,8249749,371590751.49,20635462800.0,20635462800.0
2015-03-04,'002038,Ë«ðØÒ©Òµ,45.41,45.88,44.49,44.95,44.72,0.69,1.5429,2.31,10552909,477499046.26,20745104400.0,20745104400.0
2015-03-03,'002038,Ë«ðØÒ©Òµ,44.72,46.11,43.8,43.86,43.95,0.77,1.752,3.8285,17490201,789728904.06,20429884800.0,20429884800.0
2015-03-02,'002038,Ë«ðØÒ©Òµ,43.95,44.15,42.2,42.44,42.41,1.54,3.6312,3.6139,16509666,716155441.93,20078118000.0,20078118000.0
2015-02-27,'002038,Ë«ðØÒ©Òµ,42.41,43.01,42.36,42.49,42.49,-0.08,-0.1883,1.209,5523371,235422231.99,19374584400.0,19374584400.0
2015-02-26,'002038,Ë«ðØÒ©Òµ,42.49,42.88,42.18,42.61,42.58,-0.09,-0.2114,1.2451,5688202,241723006.28,19411131600.0,19411131600.0
2015-02-25,'002038,Ë«ðØÒ©Òµ,42.58,43.06,41.5,41.72,41.56,1.02,2.4543,2.0064,9165962,388996407.4,19452247200.0,19452247200.0
2015-02-17,'002038,Ë«ðØÒ©Òµ,41.56,41.89,41.36,41.79,41.61,-0.05,-0.1202,0.7962,3637240,151311384.46,18986270400.0,18986270400.0
2015-02-16,'002038,Ë«ðØÒ©Òµ,41.61,41.8,41.13,41.2,41.12,0.49,1.1916,1.0778,4923740,204642077.92,19009112400.0,19009112400.0
2015-02-13,'002038,Ë«ðØÒ©Òµ,41.12,41.58,40.79,40.8,40.67,0.45,1.1065,0.9496,4338171,179009372.92,18785260800.0,18785260800.0
2015-02-12,'002038,Ë«ðØÒ©Òµ,40.67,40.79,40.24,40.48,40.36,0.31,0.7681,0.687,3138610,127061882.02,18579682800.0,18579682800.0
2015-02-11,'002038,Ë«ðØÒ©Òµ,40.36,40.49,40.19,40.21,40.19,0.17,0.423,0.5944,2715333,109498545.69,18438062400.0,18438062400.0
2015-02-10,'002038,Ë«ðØÒ©Òµ,40.19,40.22,39.9,40.0,40.01,0.18,0.4499,0.7303,3336207,133597594.38,18360399600.0,18360399600.0
2015-02-09,'002038,Ë«ðØÒ©Òµ,40.01,40.35,39.9,39.95,40.0,0.01,0.025,0.5725,2615334,105023798.96,18278168400.0,18278168400.0
2015-02-06,'002038,Ë«ðØÒ©Òµ,40.0,40.35,39.83,40.11,40.1,-0.1,-0.2494,0.7294,3332014,133638037.47,18273600000.0,18273600000.0
2015-02-05,'002038,Ë«ðØÒ©Òµ,40.1,41.3,40.01,41.21,40.98,-0.88,-2.1474,1.0452,4774677,194351578.76,18319284000.0,18319284000.0
2015-02-04,'002038,Ë«ðØÒ©Òµ,40.98,41.89,40.97,41.67,41.61,-0.63,-1.5141,0.7748,3539641,146476548.49,18721303200.0,18721303200.0
2015-02-03,'002038,Ë«ðØÒ©Òµ,41.61,41.76,41.29,41.36,41.11,0.5,1.2162,0.715,3266559,135658606.66,19009112400.0,19009112400.0
2015-02-02,'002038,Ë«ðØÒ©Òµ,41.11,41.53,40.9,41.0,41.35,-0.24,-0.5804,0.7043,3217734,132886545.31,18780692400.0,18780692400.0
2015-01-30,'002038,Ë«ðØÒ©Òµ,41.35,42.12,41.18,42.0,41.97,-0.62,-1.4772,0.9467,4325112,179559686.52,18890334000.0,18890334000.0
2015-01-29,'002038,Ë«ðØÒ©Òµ,41.97,42.3,41.71,41.8,42.0,-0.03,-0.0714,0.9609,4389745,184217565.53,19173574800.0,19173574800.0
2015-01-28,'002038,Ë«ðØÒ©Òµ,42.0,42.56,42.0,42.25,42.31,-0.31,-0.7327,0.9501,4340567,183689800.0,19187280000.0,19187280000.0
2015-01-27,'002038,Ë«ðØÒ©Òµ,42.31,42.79,41.91,42.79,42.6,-0.29,-0.6808,1.3863,6333308,268320199.03,19328900400.0,19328900400.0
2015-01-26,'002038,Ë«ðØÒ©Òµ,42.6,42.9,41.5,41.5,41.76,0.84,2.0115,1.5925,7275401,309851432.4,19461384000.0,19461384000.0
2015-01-23,'002038,Ë«ðØÒ©Òµ,41.76,42.35,41.55,42.2,42.18,-0.42,-0.9957,1.2562,5738762,240420857.76,19077638400.0,19077638400.0
2015-01-22,'002038,Ë«ðØÒ©Òµ,42.18,42.6,42.05,42.18,42.12,0.06,0.1425,1.822,8323413,352350807.69,19269511200.0,19269511200.0
2015-01-21,'002038,Ë«ðØÒ©Òµ,42.12,42.28,41.37,41.37,41.34,0.78,1.8868,2.0137,9199308,386376033.54,19242100800.0,19242100800.0
2015-01-20,'002038,Ë«ðØÒ©Òµ,41.34,41.48,40.45,40.6,40.3,1.04,2.5806,1.3696,6256927,256742584.08,18885765600.0,18885765600.0
2015-01-19,'002038,Ë«ðØÒ©Òµ,40.3,41.69,40.0,40.53,40.87,-0.57,-1.3947,1.8956,8659878,355314122.3,18410652000.0,18410652000.0
2015-01-16,'002038,Ë«ðØÒ©Òµ,40.87,41.07,40.55,40.94,40.77,0.1,0.2453,0.9469,4325646,176440260.67,18671050800.0,18671050800.0
2015-01-15,'002038,Ë«ðØÒ©Òµ,40.77,40.96,40.45,40.55,40.62,0.15,0.3693,0.6851,3129812,127436693.92,18625366800.0,18625366800.0
2015-01-14,'002038,Ë«ðØÒ©Òµ,40.62,41.3,40.55,40.83,40.83,-0.21,-0.5143,0.9122,4167182,169976128.81,18556840800.0,18556840800.0
2015-01-13,'002038,Ë«ðØÒ©Òµ,40.83,41.15,39.81,39.98,40.05,0.78,1.9476,1.3949,6372461,259287650.66,18652777200.0,18652777200.0
2015-01-12,'002038,Ë«ðØÒ©Òµ,40.05,40.2,39.5,39.99,39.95,0.1,0.2503,0.8989,4106469,163753682.44,18296442000.0,18296442000.0
2015-01-09,'002038,Ë«ðØÒ©Òµ,39.95,40.84,39.91,40.48,40.5,-0.55,-1.358,1.3087,5978714,241460721.8,18250758000.0,18250758000.0
2015-01-08,'002038,Ë«ðØÒ©Òµ,40.5,41.18,40.5,40.63,40.58,-0.08,-0.1971,1.1414,5214425,212642418.65,18502020000.0,18502020000.0
2015-01-07,'002038,Ë«ðØÒ©Òµ,40.58,41.25,40.47,41.25,41.31,-0.73,-1.7671,1.0772,4921247,200377471.44,18538567200.0,18538567200.0
2015-01-06,'002038,Ë«ðØÒ©Òµ,41.31,41.75,40.0,40.19,40.24,1.07,2.659,2.5464,11633031,477250642.05,18872060400.0,18872060400.0
2015-01-05,'002038,Ë«ðØÒ©Òµ,40.24,40.28,39.16,39.73,39.6,0.64,1.6162,1.3809,6308589,251416488.33,18383241600.0,18383241600.0
2014-12-31,'002038,Ë«ðØÒ©Òµ,39.6,39.67,39.01,39.1,39.1,0.5,1.2788,0.9481,4331353,170694847.75,18090864000.0,18090864000.0
2014-12-30,'002038,Ë«ðØÒ©Òµ,39.1,39.41,38.51,38.82,38.62,0.48,1.2429,1.347,6153592,240500631.14,17862444000.0,17862444000.0
2014-12-29,'002038,Ë«ðØÒ©Òµ,38.62,39.6,38.52,39.6,39.65,-1.03,-2.5977,1.6547,7559494,294892804.68,17643160800.0,17643160800.0
2014-12-26,'002038,Ë«ðØÒ©Òµ,39.65,39.67,39.27,39.51,39.5,0.15,0.3797,1.0881,4970886,196222849.67,18113706000.0,18113706000.0
2014-12-25,'002038,Ë«ðØÒ©Òµ,39.5,39.97,39.18,39.8,39.67,-0.17,-0.4285,1.234,5637502,222696132.88,18045180000.0,18045180000.0
2014-12-24,'002038,Ë«ðØÒ©Òµ,39.67,39.87,39.29,39.55,39.3,0.37,0.9415,1.0055,4593742,181816735.12,18122842800.0,18122842800.0
2014-12-23,'002038,Ë«ðØÒ©Òµ,39.3,39.98,39.13,39.15,39.3,0.0,0.0,1.1984,5474849,216232086.9,17953812000.0,17953812000.0
2014-12-22,'002038,Ë«ðØÒ©Òµ,39.3,41.51,39.28,41.51,41.61,-2.31,-5.5516,2.3937,10935200,436784144.36,17953812000.0,17953812000.0
2014-12-19,'002038,Ë«ðØÒ©Òµ,41.61,42.0,41.1,42.0,42.05,-0.44,-1.0464,1.4194,6484501,268908544.85,19009112400.0,19009112400.0
2014-12-18,'002038,Ë«ðØÒ©Òµ,42.05,42.6,42.02,42.32,42.33,-0.28,-0.6615,1.1903,5437588,229978497.26,19210122000.0,19210122000.0
2014-12-17,'002038,Ë«ðØÒ©Òµ,42.33,43.16,42.22,42.9,42.96,-0.63,-1.4665,1.5549,7103569,302272745.35,19338037200.0,19338037200.0
2014-12-16,'002038,Ë«ðØÒ©Òµ,42.96,43.45,42.85,43.44,43.5,-0.54,-1.2414,1.5166,6928635,298472713.56,19625846400.0,19625846400.0
2014-12-15,'002038,Ë«ðØÒ©Òµ,43.5,43.73,42.65,42.75,42.7,0.8,1.8735,2.1864,9988572,432957147.42,19872540000.0,19872540000.0
2014-12-12,'002038,Ë«ðØÒ©Òµ,42.7,42.96,42.21,42.56,42.55,0.15,0.3525,1.6029,7322508,311737854.86,19507068000.0,19507068000.0
2014-12-11,'002038,Ë«ðØÒ©Òµ,42.55,42.89,42.02,42.3,42.5,0.05,0.1176,1.6417,7500142,318177859.4,19438542000.0,19438542000.0
2014-12-10,'002038,Ë«ðØÒ©Òµ,42.5,42.77,41.4,41.5,41.61,0.89,2.1389,2.2121,10105818,426567299.45,19415700000.0,19415700000.0
2014-12-09,'002038,Ë«ðØÒ©Òµ,41.61,42.48,41.0,41.9,42.07,-0.46,-1.0934,2.6848,12265262,510057635.37,19009112400.0,19009112400.0
2014-12-08,'002038,Ë«ðØÒ©Òµ,42.07,42.38,41.79,41.92,42.0,0.07,0.1667,1.9416,8869795,372898872.34,19219258800.0,19219258800.0
2014-12-05,'002038,Ë«ðØÒ©Òµ,42.0,43.52,41.77,42.96,42.7,-0.7,-1.6393,2.4652,11261902,478265118.4,19187280000.0,19187280000.0
2014-12-04,'002038,Ë«ðØÒ©Òµ,42.7,43.28,42.51,42.79,42.69,0.01,0.0234,2.8873,13190295,565443704.67,19507068000.0,19507068000.0
2014-12-03,'002038,Ë«ðØÒ©Òµ,42.69,42.7,41.81,41.81,41.83,0.86,2.0559,2.598,11868814,502441134.95,19502499600.0,19502499600.0
2014-12-02,'002038,Ë«ðØÒ©Òµ,41.83,42.23,41.51,41.6,41.79,0.04,0.0957,1.7071,7798530,326550512.24,19109617200.0,19109617200.0
2014-12-01,'002038,Ë«ðØÒ©Òµ,41.79,41.84,40.98,41.44,41.43,0.36,0.8689,1.7893,8174141,337587260.56,19091343600.0,19091343600.0
2014-11-28,'002038,Ë«ðØÒ©Òµ,41.43,41.98,41.19,41.98,41.97,-0.54,-1.2866,1.5785,7211204,298853889.61,18926881200.0,18926881200.0
2014-11-27,'002038,Ë«ðØÒ©Òµ,41.97,42.4,41.64,41.69,41.63,0.34,0.8167,1.3859,6331486,265762976.16,19173574800.0,19173574800.0
2014-11-26,'002038,Ë«ðØÒ©Òµ,41.63,41.97,41.5,41.91,41.96,-0.33,-0.7865,1.3246,6051447,252089235.3,19018249200.0,19018249200.0
2014-11-25,'002038,Ë«ðØÒ©Òµ,41.96,42.0,41.41,41.5,41.48,0.48,1.1572,1.4062,6423865,267823847.7,19169006400.0,19169006400.0
2014-11-24,'002038,Ë«ðØÒ©Òµ,41.48,41.75,41.23,41.69,41.45,0.03,0.0724,1.1327,5174852,214656557.58,18949723200.0,18949723200.0
2014-11-21,'002038,Ë«ðØÒ©Òµ,41.45,41.55,41.06,41.3,41.4,0.05,0.1208,0.634,2896200,119718978.34,18936018000.0,18936018000.0
2014-11-20,'002038,Ë«ðØÒ©Òµ,41.4,41.4,40.86,41.06,41.13,0.27,0.6565,0.6794,3103747,127490960.54,18913176000.0,18913176000.0
2014-11-19,'002038,Ë«ðØÒ©Òµ,41.13,41.45,41.02,41.4,41.45,-0.32,-0.772,0.8608,3932256,161942267.32,18789829200.0,18789829200.0
2014-11-18,'002038,Ë«ðØÒ©Òµ,41.45,41.89,41.35,41.74,41.6,-0.15,-0.3606,0.6535,2985653,124057416.08,18936018000.0,18936018000.0
2014-11-17,'002038,Ë«ðØÒ©Òµ,41.6,42.1,41.5,41.85,41.73,-0.13,-0.3115,0.9355,4273939,178391809.46,19004544000.0,19004544000.0
2014-11-14,'002038,Ë«ðØÒ©Òµ,41.73,42.16,41.39,41.39,41.39,0.34,0.8215,0.6666,3045427,127326032.13,19063933200.0,19063933200.0
2014-11-13,'002038,Ë«ðØÒ©Òµ,41.39,42.05,41.2,42.0,42.0,-0.61,-1.4524,0.9356,4274222,177379524.24,18908607600.0,18908607600.0
2014-11-12,'002038,Ë«ðØÒ©Òµ,42.0,42.24,41.68,42.11,41.81,0.19,0.4544,0.788,3599673,150858477.06,19187280000.0,19187280000.0
2014-11-11,'002038,Ë«ðØÒ©Òµ,41.81,42.82,41.76,42.67,42.65,-0.84,-1.9695,1.2385,5657755,238337055.17,19100480400.0,19100480400.0
2014-11-10,'002038,Ë«ðØÒ©Òµ,42.65,42.8,42.01,42.12,42.0,0.65,1.5476,1.0774,4922114,209218484.04,19484226000.0,19484226000.0
2014-11-07,'002038,Ë«ðØÒ©Òµ,42.0,42.55,41.85,42.17,42.41,-0.41,-0.9668,1.0441,4770028,201486889.29,19187280000.0,19187280000.0
2014-11-06,'002038,Ë«ðØÒ©Òµ,42.41,42.53,41.51,41.57,41.59,0.82,1.9716,1.4476,6613410,278131001.82,19374584400.0,19374584400.0
2014-11-05,'002038,Ë«ðØÒ©Òµ,41.59,41.59,40.7,41.49,41.39,0.2,0.4832,1.6095,7352666,301948483.18,18999975600.0,18999975600.0
2014-11-04,'002038,Ë«ðØÒ©Òµ,41.39,42.33,41.25,42.25,42.23,-0.84,-1.9891,1.5153,6922581,288492325.39,18908607600.0,18908607600.0
2014-11-03,'002038,Ë«ðØÒ©Òµ,42.23,42.72,42.0,42.66,42.59,-0.36,-0.8453,1.2333,5634420,238011868.45,19292353200.0,19292353200.0
2014-10-31,'002038,Ë«ðØÒ©Òµ,42.59,42.92,41.9,42.91,42.53,0.06,0.1411,1.3976,6385023,270755075.56,19456815600.0,19456815600.0
2014-10-30,'002038,Ë«ðØÒ©Òµ,42.53,43.07,42.18,42.3,42.28,0.25,0.5913,1.7355,7928412,338375072.31,19429405200.0,19429405200.0
2014-10-29,'002038,Ë«ðØÒ©Òµ,42.28,42.63,41.92,42.1,41.89,0.39,0.931,1.9592,8950273,377437165.9,19315195200.0,19315195200.0
2014-10-28,'002038,Ë«ðØÒ©Òµ,41.89,42.17,41.5,41.65,41.69,0.2,0.4797,2.3349,10666985,445524540.89,19137027600.0,19137027600.0
2014-10-27,'002038,Ë«ðØÒ©Òµ,41.69,42.49,41.18,41.6,42.08,-0.39,-0.9268,1.5516,7088253,295960004.03,19045659600.0,19045659600.0
2014-10-24,'002038,Ë«ðØÒ©Òµ,42.08,43.68,42.0,43.55,44.34,-2.26,-5.097,2.2797,10414375,443540362.52,19223827200.0,19223827200.0
2014-10-23,'002038,Ë«ðØÒ©Òµ,44.34,44.4,43.8,43.8,43.99,0.35,0.7956,1.0033,4583379,202071906.03,20256285600.0,20256285600.0
2014-10-22,'002038,Ë«ðØÒ©Òµ,43.99,44.55,43.82,44.4,44.4,-0.41,-0.9234,0.8731,3988580,176163719.61,20096391600.0,20096391600.0
2014-10-21,'002038,Ë«ðØÒ©Òµ,44.4,45.75,44.36,45.74,45.73,-1.33,-2.9084,1.2098,5526834,248179664.14,20283696000.0,20283696000.0
2014-10-20,'002038,Ë«ðØÒ©Òµ,45.73,46.65,45.4,45.4,45.28,0.45,0.9938,1.2856,5872942,270448989.26,20891293200.0,20891293200.0
2014-10-17,'002038,Ë«ðØÒ©Òµ,45.28,46.3,44.3,45.8,45.78,-0.5,-1.0922,1.3615,6219800,281932737.05,20685715200.0,20685715200.0
2014-10-16,'002038,Ë«ðØÒ©Òµ,45.78,46.85,45.12,45.15,45.5,0.28,0.6154,2.8691,13107016,606788212.99,20914135200.0,20914135200.0
2014-10-15,'002038,Ë«ðØÒ©Òµ,45.5,45.56,43.61,44.15,44.18,1.32,2.9878,2.2621,10334379,465559611.57,20786220000.0,20786220000.0
2014-10-14,'002038,Ë«ðØÒ©Òµ,44.18,45.71,43.88,44.95,44.74,-0.56,-1.2517,1.7426,7961052,357221153.46,20183191200.0,20183191200.0
2014-10-13,'002038,Ë«ðØÒ©Òµ,44.74,45.15,44.1,44.11,44.1,0.64,1.4512,1.4292,6529138,291134865.13,20439021600.0,20439021600.0
2014-10-10,'002038,Ë«ðØÒ©Òµ,44.1,44.63,43.9,44.09,44.22,-0.12,-0.2714,1.1585,5292389,233984262.63,20146644000.0,20146644000.0
2014-10-09,'002038,Ë«ðØÒ©Òµ,44.22,45.02,43.92,44.81,44.8,-0.58,-1.2946,1.828,8350819,370670812.53,20201464800.0,20201464800.0
2014-10-08,'002038,Ë«ðØÒ©Òµ,44.8,45.26,42.36,42.48,42.4,2.4,5.6604,3.1644,14456052,636112417.98,20466432000.0,20466432000.0
2014-09-30,'002038,Ë«ðØÒ©Òµ,42.4,42.56,42.23,42.5,42.43,-0.03,-0.0707,1.1996,5480232,232148116.15,19370016000.0,19370016000.0
2014-09-29,'002038,Ë«ðØÒ©Òµ,42.43,42.95,42.12,42.95,42.95,-0.52,-1.2107,1.4588,6664158,282914320.35,19383721200.0,19383721200.0
2014-09-26,'002038,Ë«ðØÒ©Òµ,42.95,43.48,42.61,43.09,43.02,-0.07,-0.1627,1.0289,4700523,202412504.88,19621278000.0,19621278000.0
2014-09-25,'002038,Ë«ðØÒ©Òµ,43.02,43.31,42.76,42.8,42.75,0.27,0.6316,1.3266,6060423,260988678.05,19653256800.0,19653256800.0
2014-09-24,'002038,Ë«ðØÒ©Òµ,42.75,42.85,42.2,42.31,42.51,0.24,0.5646,0.8808,4023633,171411894.7,19529910000.0,19529910000.0
2014-09-23,'002038,Ë«ðØÒ©Òµ,42.51,42.57,41.91,42.39,42.2,0.31,0.7346,0.8278,3781601,160023755.1,19420268400.0,19420268400.0
2014-09-22,'002038,Ë«ðØÒ©Òµ,42.2,42.97,42.15,42.88,43.04,-0.84,-1.9517,0.667,3047231,129372755.73,19278648000.0,19278648000.0
2014-09-19,'002038,Ë«ðØÒ©Òµ,43.04,43.35,42.8,43.2,43.1,-0.06,-0.1392,0.9314,4255010,183186626.02,19662393600.0,19662393600.0
2014-09-18,'002038,Ë«ðØÒ©Òµ,43.1,43.6,42.32,42.44,42.3,0.8,1.8913,1.6237,7417914,319967775.14,19689804000.0,19689804000.0
2014-09-17,'002038,Ë«ðØÒ©Òµ,42.3,42.35,41.75,41.92,41.92,0.38,0.9065,0.8805,4022647,169260598.51,19324332000.0,19324332000.0
2014-09-16,'002038,Ë«ðØÒ©Òµ,41.92,43.1,41.88,42.61,42.59,-0.67,-1.5731,1.5529,7094442,302095494.92,19150732800.0,19150732800.0
2014-09-15,'002038,Ë«ðØÒ©Òµ,42.59,42.94,42.28,42.82,42.82,-0.23,-0.5371,1.2558,5736841,243873215.22,19456815600.0,19456815600.0
2014-09-12,'002038,Ë«ðØÒ©Òµ,42.82,42.9,42.52,42.52,42.66,0.16,0.3751,0.7426,3392367,144881725.48,19561888800.0,19561888800.0
2014-09-11,'002038,Ë«ðØÒ©Òµ,42.66,43.78,42.51,43.54,43.52,-0.86,-1.9761,1.7196,7856030,338660147.16,19488794400.0,19488794400.0
2014-09-10,'002038,Ë«ðØÒ©Òµ,43.52,43.97,43.3,43.4,43.62,-0.1,-0.2293,0.8174,3734233,162972235.43,19881676800.0,19881676800.0
2014-09-09,'002038,Ë«ðØÒ©Òµ,43.62,43.98,43.3,43.98,43.84,-0.22,-0.5018,1.062,4851757,211392765.09,19927360800.0,19927360800.0
2014-09-05,'002038,Ë«ðØÒ©Òµ,43.84,44.3,43.02,43.02,42.96,0.88,2.0484,1.982,9054525,396610149.01,20027865600.0,20027865600.0
2014-09-04,'002038,Ë«ðØÒ©Òµ,42.96,43.09,42.59,42.99,42.97,-0.01,-0.0233,1.2491,5706220,244282784.45,19625846400.0,19625846400.0
2014-09-03,'002038,Ë«ðØÒ©Òµ,42.97,43.1,42.53,43.0,42.89,0.08,0.1865,1.4411,6583640,282015693.45,19630414800.0,19630414800.0
2014-09-02,'002038,Ë«ðØÒ©Òµ,42.89,42.96,42.3,42.65,42.68,0.21,0.492,1.3371,6108493,259941653.96,19593867600.0,19593867600.0
2014-09-01,'002038,Ë«ðØÒ©Òµ,42.68,43.13,42.2,42.79,42.73,-0.05,-0.117,1.1599,5298731,225289670.61,19497931200.0,19497931200.0
2014-08-29,'002038,Ë«ðØÒ©Òµ,42.73,42.8,42.06,42.58,42.58,0.15,0.3523,0.8865,4050000,171987858.83,19520773200.0,19520773200.0
2014-08-28,'002038,Ë«ðØÒ©Òµ,42.58,43.26,42.33,43.25,43.14,-0.56,-1.2981,1.1439,5225752,223026258.46,19452247200.0,19452247200.0
2014-08-27,'002038,Ë«ðØÒ©Òµ,43.14,43.5,41.75,41.95,42.0,1.14,2.7143,1.8675,8531576,366354543.5,19708077600.0,19708077600.0
2014-08-26,'002038,Ë«ðØÒ©Òµ,42.0,42.79,41.69,42.6,42.59,-0.59,-1.3853,1.2073,5515371,232450164.91,19187280000.0,19187280000.0
2014-08-25,'002038,Ë«ðØÒ©Òµ,42.59,42.96,41.75,41.75,41.66,0.93,2.2324,2.8258,12909465,548884717.67,19456815600.0,19456815600.0
2014-08-22,'002038,Ë«ðØÒ©Òµ,41.66,41.67,40.8,41.21,41.21,0.45,1.092,1.2989,5933960,244546175.16,19031954400.0,19031954400.0
2014-08-21,'002038,Ë«ðØÒ©Òµ,41.21,41.38,40.67,41.28,41.28,-0.07,-0.1696,1.3699,6258176,256076056.18,18826376400.0,18826376400.0
2014-08-20,'002038,Ë«ðØÒ©Òµ,41.28,41.8,41.11,41.37,41.82,-0.54,-1.2912,1.6715,7636305,315174122.59,18858355200.0,18858355200.0
2014-08-19,'002038,Ë«ðØÒ©Òµ,41.82,41.9,41.2,41.61,41.53,0.29,0.6983,1.1981,5473456,227731548.26,19105048800.0,19105048800.0
2014-08-18,'002038,Ë«ðØÒ©Òµ,41.53,41.58,40.76,40.76,40.75,0.78,1.9141,1.048,4787569,197843017.48,18972565200.0,18972565200.0
2014-08-15,'002038,Ë«ðØÒ©Òµ,40.75,40.95,40.28,40.28,40.33,0.42,1.0414,0.6385,2916935,118805313.67,18616230000.0,18616230000.0
2014-08-14,'002038,Ë«ðØÒ©Òµ,40.33,40.85,40.31,40.71,40.7,-0.37,-0.9091,0.6464,2953188,119763967.22,18424357200.0,18424357200.0
2014-08-13,'002038,Ë«ðØÒ©Òµ,40.7,41.14,40.5,41.14,41.1,-0.4,-0.9732,0.8621,3938331,160336180.42,18593388000.0,18593388000.0
2014-08-12,'002038,Ë«ðØÒ©Òµ,41.1,41.4,40.99,41.4,41.4,-0.3,-0.7246,0.6842,3125678,128626166.4,18776124000.0,18776124000.0
2014-08-11,'002038,Ë«ðØÒ©Òµ,41.4,41.59,41.15,41.28,41.25,0.15,0.3636,0.9726,4443236,184162104.24,18913176000.0,18913176000.0
2014-08-08,'002038,Ë«ðØÒ©Òµ,41.25,41.41,40.5,40.5,40.6,0.65,1.601,0.776,3545053,145311648.37,18844650000.0,18844650000.0
2014-08-07,'002038,Ë«ðØÒ©Òµ,40.6,40.98,40.5,40.9,40.89,-0.29,-0.7092,0.9818,4485389,182429840.07,18547704000.0,18547704000.0
2014-08-06,'002038,Ë«ðØÒ©Òµ,40.89,41.2,40.63,41.2,41.41,-0.52,-1.2557,0.8688,3968831,162126027.64,18680187600.0,18680187600.0
2014-08-05,'002038,Ë«ðØÒ©Òµ,41.41,41.69,41.04,41.58,41.57,-0.16,-0.3849,0.9002,4112251,169695673.4,18917744400.0,18917744400.0
2014-08-04,'002038,Ë«ðØÒ©Òµ,41.57,41.77,41.01,41.58,41.32,0.25,0.605,1.108,5061632,209410556.05,18990838800.0,18990838800.0
2014-08-01,'002038,Ë«ðØÒ©Òµ,41.32,41.98,40.81,40.94,41.0,0.32,0.7805,1.5516,7088457,294128048.34,18876628800.0,18876628800.0
2014-07-31,'002038,Ë«ðØÒ©Òµ,41.0,41.7,40.91,41.4,41.2,-0.2,-0.4854,0.7781,3554889,146555832.92,18730440000.0,18730440000.0
2014-07-30,'002038,Ë«ðØÒ©Òµ,41.2,41.44,40.66,41.1,41.12,0.08,0.1946,0.7431,3394878,139787439.22,18821808000.0,18821808000.0
2014-07-29,'002038,Ë«ðØÒ©Òµ,41.12,41.38,40.6,40.81,40.6,0.52,1.2808,1.018,4650766,190728893.92,18785260800.0,18785260800.0
2014-07-28,'002038,Ë«ðØÒ©Òµ,40.6,40.89,39.8,40.05,39.8,0.8,2.0101,1.1048,5047272,204151044.33,18547704000.0,18547704000.0
2014-07-25,'002038,Ë«ðØÒ©Òµ,39.8,40.0,39.27,40.0,40.0,-0.2,-0.5,0.8824,4031253,159601312.11,18182232000.0,18182232000.0
2014-07-24,'002038,Ë«ðØÒ©Òµ,40.0,40.46,39.1,39.81,39.8,0.2,0.5025,0.9962,4550934,181282761.92,18273600000.0,18273600000.0
2014-07-23,'002038,Ë«ðØÒ©Òµ,39.8,40.38,39.68,39.98,39.96,-0.16,-0.4004,0.8926,4077915,163424415.67,18182232000.0,18182232000.0
2014-07-22,'002038,Ë«ðØÒ©Òµ,39.96,40.0,39.09,39.85,39.8,0.16,0.402,0.8596,3927106,155272042.35,18255326400.0,18255326400.0
2014-07-21,'002038,Ë«ðØÒ©Òµ,39.8,40.23,39.61,40.06,40.01,-0.21,-0.5249,0.4682,2138805,85216965.01,18182232000.0,18182232000.0
2014-07-18,'002038,Ë«ðØÒ©Òµ,40.01,40.26,39.9,40.1,40.11,-0.1,-0.2493,0.5362,2449570,98114187.01,18278168400.0,18278168400.0
2014-07-17,'002038,Ë«ðØÒ©Òµ,40.11,40.26,39.45,39.75,39.75,0.36,0.9057,0.6106,2789661,111532368.35,18323852400.0,18323852400.0
2014-07-16,'002038,Ë«ðØÒ©Òµ,39.75,41.4,39.74,41.4,41.28,-1.53,-3.7064,1.3144,6004582,242199681.85,18159390000.0,18159390000.0
2014-07-15,'002038,Ë«ðØÒ©Òµ,41.28,41.45,40.61,40.8,40.8,0.48,1.1765,0.883,4033818,165679639.4,18858355200.0,18858355200.0
2014-07-14,'002038,Ë«ðØÒ©Òµ,40.8,40.85,40.01,40.01,40.0,0.8,2.0,0.9066,4141533,167172320.01,18639072000.0,18639072000.0
2014-07-11,'002038,Ë«ðØÒ©Òµ,40.0,40.5,39.8,40.08,40.3,-0.3,-0.7444,1.1201,5117026,204799784.05,18273600000.0,18273600000.0
2014-07-10,'002038,Ë«ðØÒ©Òµ,40.3,41.08,40.05,40.62,40.79,-0.49,-1.2013,0.8503,3884621,157765301.57,18410652000.0,18410652000.0
2014-07-09,'002038,Ë«ðØÒ©Òµ,40.79,41.6,40.38,41.5,41.5,-0.71,-1.7108,1.441,6583260,268227088.64,18634503600.0,18634503600.0
2014-07-08,'002038,Ë«ðØÒ©Òµ,41.5,42.01,40.65,42.0,42.05,-0.55,-1.308,1.0676,4877073,200976664.19,18958860000.0,18958860000.0
2014-07-07,'002038,Ë«ðØÒ©Òµ,42.05,43.19,41.66,43.17,43.19,-1.14,-2.6395,1.3323,6086349,256842271.25,19210122000.0,19210122000.0
2014-07-04,'002038,Ë«ðØÒ©Òµ,43.19,43.68,42.6,43.31,43.48,-0.29,-0.667,0.7123,3253965,139699455.38,19730919600.0,19730919600.0
2014-07-03,'002038,Ë«ðØÒ©Òµ,43.68,43.93,43.11,43.37,43.25,0.43,0.9942,0.8712,3979846,173643505.05,19954771200.0,19954771200.0
2014-07-02,'002038,Ë«ðØÒ©Òµ,43.25,44.18,43.09,44.08,44.1,-0.85,-1.9274,0.6201,2832973,123097115.29,19758330000.0,19758330000.0
2014-07-01,'002038,Ë«ðØÒ©Òµ,44.1,44.58,43.68,44.36,44.57,-0.47,-1.0545,0.3742,1709356,75456517.21,20146644000.0,20146644000.0
2014-06-30,'002038,Ë«ðØÒ©Òµ,44.57,44.89,43.85,44.32,44.12,0.45,1.0199,0.4842,2211964,97693542.97,20361358800.0,20361358800.0
2014-06-27,'002038,Ë«ðØÒ©Òµ,44.12,44.44,43.77,44.01,44.25,-0.13,-0.2938,0.3898,1780675,78589095.31,20155780800.0,20155780800.0
2014-06-26,'002038,Ë«ðØÒ©Òµ,44.25,44.76,43.7,44.44,44.51,-0.26,-0.5841,0.555,2535519,111781352.82,20215170000.0,20215170000.0
2014-06-25,'002038,Ë«ðØÒ©Òµ,44.51,44.85,44.1,44.65,44.66,-0.15,-0.3359,0.3363,1536569,68345408.15,20333948400.0,20333948400.0
2014-06-24,'002038,Ë«ðØÒ©Òµ,44.66,44.66,43.51,43.51,43.42,1.24,2.8558,0.4757,2173389,96012455.95,20402474400.0,20402474400.0
2014-06-23,'002038,Ë«ðØÒ©Òµ,43.42,44.2,43.25,43.26,43.27,0.15,0.3467,0.3087,1410227,61686962.27,19835992800.0,19835992800.0
2014-06-20,'002038,Ë«ðØÒ©Òµ,43.27,43.95,42.7,43.32,43.42,-0.15,-0.3455,0.2757,1259540,54427653.62,19767466800.0,19767466800.0
2014-06-19,'002038,Ë«ðØÒ©Òµ,43.42,43.98,43.0,43.66,43.57,-0.15,-0.3443,0.3126,1428158,62163584.66,19835992800.0,19835992800.0
2014-06-18,'002038,Ë«ðØÒ©Òµ,43.57,43.86,43.18,43.83,43.6,-0.03,-0.0688,0.2175,993850,43204903.68,19904518800.0,19904518800.0
2014-06-17,'002038,Ë«ðØÒ©Òµ,43.6,44.08,43.35,43.81,43.92,-0.32,-0.7286,0.333,1521137,66485215.63,19918224000.0,19918224000.0
2014-06-16,'002038,Ë«ðØÒ©Òµ,43.92,44.74,43.6,44.4,44.49,-0.57,-1.2812,0.5789,2644698,116132573.82,20064412800.0,20064412800.0
2014-06-13,'002038,Ë«ðØÒ©Òµ,44.49,45.23,44.49,44.85,45.13,-0.64,-1.4181,0.526,2402872,107532568.3,20324811600.0,20324811600.0
2014-06-12,'002038,Ë«ðØÒ©Òµ,45.13,45.25,44.1,44.11,44.35,0.78,1.7587,0.6488,2964046,133472330.45,20617189200.0,20617189200.0
2014-06-11,'002038,Ë«ðØÒ©Òµ,44.35,44.68,43.5,43.5,43.81,0.54,1.2326,0.4608,2104908,93322499.76,20260854000.0,20260854000.0
2014-06-10,'002038,Ë«ðØÒ©Òµ,43.81,44.11,42.75,43.3,43.33,0.48,1.1078,0.4675,2135652,93089758.96,20014160400.0,20014160400.0
2014-06-09,'002038,Ë«ðØÒ©Òµ,43.33,44.12,43.2,43.6,43.83,-0.5,-1.1408,0.5235,2391772,104873774.76,19794877200.0,19794877200.0
2014-06-06,'002038,Ë«ðØÒ©Òµ,43.83,44.15,43.1,43.5,43.8,0.03,0.0685,0.7298,3333988,145495374.99,20023297200.0,20023297200.0
2014-06-05,'002038,Ë«ðØÒ©Òµ,43.8,44.13,42.9,43.2,41.88,1.92,4.5845,1.322,6039494,262963856.05,20009592000.0,20009592000.0
2014-06-04,'002038,Ë«ðØÒ©Òµ,41.88,42.58,41.59,42.43,42.43,-0.55,-1.2963,0.5175,2364311,99169618.64,19132459200.0,19132459200.0
2014-06-03,'002038,Ë«ðØÒ©Òµ,42.43,42.43,40.61,40.61,40.6,1.83,4.5074,0.8725,3985881,167375040.75,19383721200.0,19383721200.0
2014-05-30,'002038,Ë«ðØÒ©Òµ,40.6,41.61,40.52,40.65,40.73,-0.13,-0.3192,0.4324,1975450,81050801.61,18547704000.0,18547704000.0
2014-05-29,'002038,Ë«ðØÒ©Òµ,40.73,41.54,40.5,41.01,41.27,-0.54,-1.3085,0.3636,1661192,68100732.03,18607093200.0,18607093200.0
2014-05-28,'002038,Ë«ðØÒ©Òµ,41.27,41.42,40.68,41.19,40.94,0.33,0.8061,0.3495,1596815,65581128.72,18853786800.0,18853786800.0
2014-05-27,'002038,Ë«ðØÒ©Òµ,40.94,41.45,40.9,41.2,41.24,-0.3,-0.7274,0.3018,1378564,56664232.05,18703029600.0,18703029600.0
2014-05-26,'002038,Ë«ðØÒ©Òµ,41.24,41.45,40.61,40.99,40.45,0.79,1.953,0.4591,2097276,86225331.17,18840081600.0,18840081600.0
2014-05-23,'002038,Ë«ðØÒ©Òµ,40.45,40.55,39.7,39.91,39.9,0.55,1.3784,0.3489,1593730,63997877.74,18479178000.0,18479178000.0
2014-05-22,'002038,Ë«ðØÒ©Òµ,39.9,40.78,39.85,40.0,40.14,-0.24,-0.5979,0.3667,1675214,67529924.42,18227916000.0,18227916000.0
2014-05-21,'002038,Ë«ðØÒ©Òµ,40.14,40.28,39.11,39.26,39.45,0.69,1.749,0.3264,1490953,59549546.54,18337557600.0,18337557600.0
2014-05-20,'002038,Ë«ðØÒ©Òµ,39.45,40.49,38.95,39.58,39.38,0.07,0.1778,0.5919,2703963,107551946.47,18022338000.0,18022338000.0
2014-05-19,'002038,Ë«ðØÒ©Òµ,39.38,40.38,38.9,40.33,40.34,-0.96,-2.3798,0.815,3723249,146638318.39,17990359200.0,17990359200.0
2014-05-16,'002038,Ë«ðØÒ©Òµ,40.34,41.32,39.59,40.97,41.0,-0.66,-1.6098,0.5171,2362300,95265914.06,18428925600.0,18428925600.0
2014-05-15,'002038,Ë«ðØÒ©Òµ,41.0,42.5,41.0,42.32,42.32,-1.32,-3.1191,0.6976,3187135,131998074.27,18730440000.0,18730440000.0
2014-05-14,'002038,Ë«ðØÒ©Òµ,42.32,42.84,42.02,42.61,42.61,-0.29,-0.6806,0.3097,1415022,60026879.45,19333468800.0,19333468800.0
2014-05-13,'002038,Ë«ðØÒ©Òµ,42.61,42.61,42.02,42.12,42.14,0.47,1.1153,0.3001,1370971,58047407.85,19465952400.0,19465952400.0
2014-05-12,'002038,Ë«ðØÒ©Òµ,42.14,43.35,41.84,42.99,42.7,-0.56,-1.3115,0.8124,3711260,157164194.17,19251237600.0,19251237600.0
2014-05-09,'002038,Ë«ðØÒ©Òµ,42.7,43.26,42.48,42.55,42.49,0.21,0.4942,0.5548,2534466,108359004.62,19507068000.0,19507068000.0
2014-05-08,'002038,Ë«ðØÒ©Òµ,42.49,43.33,42.44,43.0,43.05,-0.56,-1.3008,0.4013,1833071,78718450.56,19411131600.0,19411131600.0
2014-05-07,'002038,Ë«ðØÒ©Òµ,43.05,44.35,42.86,44.2,44.25,-1.2,-2.7119,0.4565,2085668,90868603.73,19666962000.0,19666962000.0
2014-05-06,'002038,Ë«ðØÒ©Òµ,44.25,44.75,43.15,43.15,43.08,1.17,2.7159,1.0529,4810147,212549289.45,20215170000.0,20215170000.0
2014-05-05,'002038,Ë«ðØÒ©Òµ,43.08,43.34,42.62,42.97,42.98,0.1,0.2327,0.4561,2083565,89784217.82,19680667200.0,19680667200.0
2014-04-30,'002038,Ë«ðØÒ©Òµ,42.98,44.1,42.61,43.26,43.15,-0.17,-0.394,0.8448,3859225,167686772.33,19634983200.0,19634983200.0
2014-04-29,'002038,Ë«ðØÒ©Òµ,43.15,43.46,41.9,42.02,42.0,1.15,2.7381,1.1321,5171715,221893641.73,19712646000.0,19712646000.0
2014-04-28,'002038,Ë«ðØÒ©Òµ,42.0,43.49,41.3,41.38,40.64,1.36,3.3465,2.268,10360905,437920394.51,19187280000.0,19187280000.0
2014-04-25,'002038,Ë«ðØÒ©Òµ,40.64,41.0,40.0,40.5,40.5,0.14,0.3457,0.3746,1711371,69364304.57,18565977600.0,18565977600.0
2014-04-24,'002038,Ë«ðØÒ©Òµ,40.5,40.69,39.69,40.0,40.19,0.31,0.7713,0.3197,1460557,58731174.06,18502020000.0,18502020000.0
2014-04-23,'002038,Ë«ðØÒ©Òµ,40.19,40.49,39.61,40.49,40.6,-0.41,-1.0099,0.3137,1433335,57269466.68,18360399600.0,18360399600.0
2014-04-22,'002038,Ë«ðØÒ©Òµ,40.6,41.0,39.12,40.8,40.7,-0.1,-0.2457,0.5586,2552062,101911831.87,18547704000.0,18547704000.0
2014-04-21,'002038,Ë«ðØÒ©Òµ,40.7,42.01,40.3,41.47,41.5,-0.8,-1.9277,0.3754,1714885,71012566.05,18593388000.0,18593388000.0
2014-04-18,'002038,Ë«ðØÒ©Òµ,41.5,41.62,40.65,40.68,40.95,0.55,1.3431,0.4469,2041581,84420648.95,18958860000.0,18958860000.0
2014-04-17,'002038,Ë«ðØÒ©Òµ,40.95,41.81,40.91,41.19,40.96,-0.01,-0.0244,0.2872,1312110,54204485.97,18707598000.0,18707598000.0
2014-04-16,'002038,Ë«ðØÒ©Òµ,40.96,41.4,40.88,41.3,41.3,-0.34,-0.8232,0.3522,1608911,66071274.82,18712166400.0,18712166400.0
2014-04-15,'002038,Ë«ðØÒ©Òµ,41.3,41.91,41.15,41.9,42.06,-0.76,-1.8069,0.4429,2023223,84050455.23,18867492000.0,18867492000.0
2014-04-14,'002038,Ë«ðØÒ©Òµ,42.06,42.28,40.71,40.71,40.93,1.13,2.7608,0.9606,4388439,183713257.35,19214690400.0,19214690400.0
2014-04-11,'002038,Ë«ðØÒ©Òµ,40.93,41.05,39.88,40.0,40.05,0.88,2.1973,0.7706,3520463,143397395.52,18698461200.0,18698461200.0
2014-04-10,'002038,Ë«ðØÒ©Òµ,40.05,40.46,39.8,40.17,40.16,-0.11,-0.2739,0.5741,2622670,104954591.78,18296442000.0,18296442000.0
2014-04-09,'002038,Ë«ðØÒ©Òµ,40.16,40.5,39.68,39.79,39.84,0.32,0.8032,0.57,2604130,104593486.18,18346694400.0,18346694400.0
2014-04-08,'002038,Ë«ðØÒ©Òµ,39.84,39.85,38.2,38.64,38.6,1.24,3.2124,0.7385,3373906,132466187.47,18200505600.0,18200505600.0
2014-04-04,'002038,Ë«ðØÒ©Òµ,38.6,39.4,38.41,39.18,39.07,-0.47,-1.203,0.81,3700575,142905285.43,17634024000.0,17634024000.0
2014-04-03,'002038,Ë«ðØÒ©Òµ,39.07,39.29,38.62,39.02,39.02,0.05,0.1281,0.5412,2472254,96169773.37,17848738800.0,17848738800.0
2014-04-02,'002038,Ë«ðØÒ©Òµ,39.02,39.25,37.6,38.25,38.13,0.89,2.3341,1.0212,4665188,179442125.1,17825896800.0,17825896800.0
2014-04-01,'002038,Ë«ðØÒ©Òµ,38.13,38.9,37.9,38.5,38.9,-0.77,-1.9794,1.3267,6061104,232069753.99,17419309200.0,17419309200.0
2014-03-31,'002038,Ë«ðØÒ©Òµ,38.9,40.95,38.9,40.32,40.35,-1.45,-3.5936,0.6412,2929291,115881262.12,17771076000.0,17771076000.0
2014-03-28,'002038,Ë«ðØÒ©Òµ,40.35,41.5,40.3,41.3,41.27,-0.92,-2.2292,0.5219,2384417,97007625.04,18433494000.0,18433494000.0
2014-03-27,'002038,Ë«ðØÒ©Òµ,41.27,41.6,40.92,41.33,41.36,-0.09,-0.2176,0.3573,1632299,67319338.28,18853786800.0,18853786800.0
2014-03-26,'002038,Ë«ðØÒ©Òµ,41.36,41.48,40.96,41.1,40.9,0.46,1.1247,0.5011,2289377,94399865.81,18894902400.0,18894902400.0
2014-03-25,'002038,Ë«ðØÒ©Òµ,40.9,41.43,40.78,40.9,41.14,-0.24,-0.5834,0.4329,1977673,81016783.67,18684756000.0,18684756000.0
2014-03-24,'002038,Ë«ðØÒ©Òµ,41.14,41.7,40.71,41.7,41.6,-0.46,-1.1058,0.5603,2559731,105096468.38,18794397600.0,18794397600.0
2014-03-21,'002038,Ë«ðØÒ©Òµ,41.6,41.9,40.61,40.78,40.98,0.62,1.5129,0.6407,2927020,120267921.34,19004544000.0,19004544000.0
2014-03-20,'002038,Ë«ðØÒ©Òµ,40.98,42.67,40.88,41.57,41.76,-0.78,-1.8678,0.5894,2692410,112398697.04,18721303200.0,18721303200.0
2014-03-19,'002038,Ë«ðØÒ©Òµ,41.76,43.11,41.2,43.11,43.11,-1.35,-3.1315,0.773,3531415,147674788.86,19077638400.0,19077638400.0
2014-03-18,'002038,Ë«ðØÒ©Òµ,43.11,44.17,42.88,44.0,43.88,-0.77,-1.7548,0.7122,3253406,140857254.98,19694372400.0,19694372400.0
2014-03-17,'002038,Ë«ðØÒ©Òµ,43.88,44.18,42.31,42.33,42.3,1.58,3.7352,1.0346,4726365,205841877.61,20046139200.0,20046139200.0
2014-03-14,'002038,Ë«ðØÒ©Òµ,42.3,43.17,41.93,42.01,42.45,-0.15,-0.3534,0.7275,3323725,141547204.2,19324332000.0,19324332000.0
2014-03-13,'002038,Ë«ðØÒ©Òµ,42.45,42.86,41.6,41.6,41.53,0.92,2.2153,0.7591,3467733,147146230.87,19392858000.0,19392858000.0
2014-03-12,'002038,Ë«ðØÒ©Òµ,41.53,42.48,40.91,41.75,41.75,-0.22,-0.5269,0.7886,3602853,150626536.25,18972565200.0,18972565200.0
2014-03-11,'002038,Ë«ðØÒ©Òµ,41.75,41.85,40.45,40.9,40.9,0.85,2.0782,0.638,2914659,120388713.3,19073070000.0,19073070000.0
2014-03-10,'002038,Ë«ðØÒ©Òµ,40.9,41.53,40.41,41.5,41.78,-0.88,-2.1063,0.6007,2744371,112147181.84,18684756000.0,18684756000.0
2014-03-07,'002038,Ë«ðØÒ©Òµ,41.78,41.78,40.2,40.26,40.28,1.5,3.7239,1.099,5020480,207040231.74,19086775200.0,19086775200.0
2014-03-06,'002038,Ë«ðØÒ©Òµ,40.28,41.35,40.12,41.19,41.2,-0.92,-2.233,1.0495,4794656,193637780.23,18401515200.0,18401515200.0
2014-03-05,'002038,Ë«ðØÒ©Òµ,41.2,42.33,41.19,42.03,41.92,-0.72,-1.7176,0.9984,4561156,190077952.91,18821808000.0,18821808000.0
2014-03-04,'002038,Ë«ðØÒ©Òµ,41.92,43.02,41.67,41.91,41.54,0.38,0.9148,1.6151,7378343,311420721.22,19150732800.0,19150732800.0
2014-03-03,'002038,Ë«ðØÒ©Òµ,41.54,41.77,40.68,40.98,41.31,0.23,0.5568,1.6339,7464494,307752434.06,18977133600.0,18977133600.0
2014-02-28,'002038,Ë«ðØÒ©Òµ,41.31,44.0,41.31,44.0,45.9,-4.59,-10.0,3.082,14079934,588526049.18,18872060400.0,18872060400.0
2014-02-27,'002038,Ë«ðØÒ©Òµ,45.9,48.67,45.48,48.6,48.6,-2.7,-5.5556,1.4247,6508777,304153004.55,20968956000.0,20968956000.0
2014-02-26,'002038,Ë«ðØÒ©Òµ,48.6,49.79,47.1,49.49,49.51,-0.91,-1.838,0.8961,4093653,198515456.91,22202424000.0,22202424000.0
2014-02-25,'002038,Ë«ðØÒ©Òµ,49.51,51.88,49.38,50.9,50.92,-1.41,-2.769,0.8172,3733363,189512202.22,22618148400.0,22618148400.0
2014-02-24,'002038,Ë«ðØÒ©Òµ,50.92,51.69,50.15,51.69,52.08,-1.16,-2.2273,0.6565,2999143,152423749.41,23262292800.0,23262292800.0
2014-02-21,'002038,Ë«ðØÒ©Òµ,52.08,52.98,51.68,51.99,51.81,0.27,0.5211,0.4446,2031209,106024263.27,23792227200.0,23792227200.0
2014-02-20,'002038,Ë«ðØÒ©Òµ,51.81,53.17,51.21,51.75,51.79,0.02,0.0386,0.941,4298956,225001686.75,23668880400.0,23668880400.0
2014-02-19,'002038,Ë«ðØÒ©Òµ,51.79,52.4,50.0,50.8,51.1,0.69,1.3503,0.9142,4176634,213918599.23,23659743600.0,23659743600.0
2014-02-18,'002038,Ë«ðØÒ©Òµ,51.1,52.29,50.92,52.01,52.19,-1.09,-2.0885,0.5494,2509982,129429626.39,23344524000.0,23344524000.0
2014-02-17,'002038,Ë«ðØÒ©Òµ,52.19,52.3,51.68,51.68,51.61,0.58,1.1238,0.6834,3122184,162249680.64,23842479600.0,23842479600.0
2014-02-14,'002038,Ë«ðØÒ©Òµ,51.61,51.79,50.68,50.89,50.9,0.71,1.3949,0.6553,2993519,153392527.92,23577512400.0,23577512400.0
2014-02-13,'002038,Ë«ðØÒ©Òµ,50.9,52.7,50.88,52.7,53.0,-2.1,-3.9623,1.1079,5061245,260495177.19,23253156000.0,23253156000.0
2014-02-12,'002038,Ë«ðØÒ©Òµ,53.0,54.4,52.0,54.1,54.0,-1.0,-1.8519,0.7923,3619346,191069222.22,24212520000.0,24212520000.0
2014-02-11,'002038,Ë«ðØÒ©Òµ,54.0,55.56,54.0,54.52,54.5,-0.5,-0.9174,0.712,3252586,177915597.4,24669360000.0,24669360000.0
2014-02-10,'002038,Ë«ðØÒ©Òµ,54.5,55.07,53.09,53.3,53.13,1.37,2.5786,0.7954,3633553,197360261.17,24897780000.0,24897780000.0
2014-02-07,'002038,Ë«ðØÒ©Òµ,53.13,53.13,51.31,52.31,52.47,0.66,1.2579,0.4984,2276913,119282330.07,24271909200.0,24271909200.0
2014-01-30,'002038,Ë«ðØÒ©Òµ,52.47,53.65,52.3,52.9,52.88,-0.41,-0.7753,0.4187,1912721,100904913.54,23970394800.0,23970394800.0
2014-01-29,'002038,Ë«ðØÒ©Òµ,52.88,53.6,52.0,53.6,53.47,-0.59,-1.1034,0.6404,2925552,153680495.05,24157699200.0,24157699200.0
2014-01-28,'002038,Ë«ðØÒ©Òµ,53.47,55.1,52.5,54.33,54.3,-0.83,-1.5285,0.5979,2731471,146018700.3,24427234800.0,24427234800.0
2014-01-27,'002038,Ë«ðØÒ©Òµ,54.3,56.13,54.1,55.9,56.2,-1.9,-3.3808,0.7253,3313397,181463426.31,24806412000.0,24806412000.0
2014-01-24,'002038,Ë«ðØÒ©Òµ,56.2,56.77,54.12,54.75,54.6,1.6,2.9304,0.6809,3110851,172904041.21,25674408000.0,25674408000.0
2014-01-23,'002038,Ë«ðØÒ©Òµ,54.6,55.28,54.21,54.98,54.98,-0.38,-0.6912,0.5066,2314263,126152916.01,24943464000.0,24943464000.0
2014-01-22,'002038,Ë«ðØÒ©Òµ,54.98,55.1,54.0,54.01,53.88,1.1,2.0416,0.5391,2462875,134217722.46,25117063200.0,25117063200.0
2014-01-21,'002038,Ë«ðØÒ©Òµ,53.88,55.09,53.33,54.9,55.04,-1.16,-2.1076,0.7756,3543179,191383860.02,24614539200.0,24614539200.0
2014-01-20,'002038,Ë«ðØÒ©Òµ,55.04,55.3,54.0,54.4,54.75,0.29,0.5297,0.4609,2105429,115288543.04,25144473600.0,25144473600.0
2014-01-17,'002038,Ë«ðØÒ©Òµ,54.75,56.58,54.54,55.8,56.22,-1.47,-2.6147,0.3932,1796082,99168777.1,25011990000.0,25011990000.0
2014-01-16,'002038,Ë«ðØÒ©Òµ,56.22,57.49,55.7,57.05,57.0,-0.78,-1.3684,0.473,2160826,121759858.24,25683544800.0,25683544800.0
2014-01-15,'002038,Ë«ðØÒ©Òµ,57.0,57.25,55.22,55.9,55.6,1.4,2.518,0.4757,2173077,122640819.17,26039880000.0,26039880000.0
2014-01-14,'002038,Ë«ðØÒ©Òµ,55.6,56.69,55.0,55.96,55.9,-0.3,-0.5367,0.4113,1878840,104595914.39,25400304000.0,25400304000.0
2014-01-13,'002038,Ë«ðØÒ©Òµ,55.9,56.17,54.5,55.05,55.0,0.9,1.6364,0.523,2389371,132432329.69,25537356000.0,25537356000.0
2014-01-10,'002038,Ë«ðØÒ©Òµ,55.0,58.5,55.0,56.79,56.9,-1.9,-3.3392,0.9181,4194065,237535642.67,25126200000.0,25126200000.0
2014-01-09,'002038,Ë«ðØÒ©Òµ,56.9,58.83,54.62,55.0,55.0,1.9,3.4545,0.954,4358286,250570853.51,25994196000.0,25994196000.0
2014-01-08,'002038,Ë«ðØÒ©Òµ,55.0,55.08,54.3,54.7,54.5,0.5,0.9174,0.5117,2337647,128209768.4,25126200000.0,25126200000.0
2014-01-07,'002038,Ë«ðØÒ©Òµ,54.5,54.56,52.78,52.84,53.5,1.0,1.8692,0.6718,3069094,166319233.69,24897780000.0,24897780000.0
2014-01-06,'002038,Ë«ðØÒ©Òµ,53.5,54.29,52.81,54.2,54.23,-0.73,-1.3461,0.6844,3126743,166757350.27,24440940000.0,24440940000.0
2014-01-03,'002038,Ë«ðØÒ©Òµ,54.23,55.17,53.89,54.0,53.89,0.34,0.6309,0.9055,4136854,225216581.61,24774433200.0,24774433200.0
2014-01-02,'002038,Ë«ðØÒ©Òµ,53.89,54.3,50.56,50.97,50.55,3.34,6.6073,1.5185,6937230,367087759.91,24619107600.0,24619107600.0
2013-12-31,'002038,Ë«ðØÒ©Òµ,50.55,51.45,50.5,50.72,51.09,-0.54,-1.057,0.5596,2556441,130244130.99,23093262000.0,23093262000.0
2013-12-30,'002038,Ë«ðØÒ©Òµ,51.09,51.57,49.8,51.29,51.22,-0.13,-0.2538,0.6398,2922779,148696534.62,23339955600.0,23339955600.0
2013-12-27,'002038,Ë«ðØÒ©Òµ,51.22,51.59,50.71,51.28,51.07,0.15,0.2937,0.6264,2861463,146239805.23,23399344800.0,23399344800.0
2013-12-26,'002038,Ë«ðØÒ©Òµ,51.07,51.59,50.83,50.96,50.96,0.11,0.2159,0.6491,2965340,151383854.97,23330818800.0,23330818800.0
2013-12-25,'002038,Ë«ðØÒ©Òµ,50.96,52.5,50.85,51.88,51.87,-0.91,-1.7544,0.6468,2954844,152202479.27,23280566400.0,23280566400.0
2013-12-24,'002038,Ë«ðØÒ©Òµ,51.87,52.37,51.7,52.34,52.37,-0.5,-0.9547,0.6256,2858124,148529913.9,23696290800.0,23696290800.0
2013-12-23,'002038,Ë«ðØÒ©Òµ,52.37,52.38,50.29,50.5,50.49,1.88,3.7235,1.311,5989152,310128984.37,23924710800.0,23924710800.0
2013-12-20,'002038,Ë«ðØÒ©Òµ,50.49,51.1,49.72,49.97,49.88,0.61,1.2229,0.8771,4006983,203246001.29,23065851600.0,23065851600.0
2013-12-19,'002038,Ë«ðØÒ©Òµ,49.88,50.39,49.65,50.0,50.2,-0.32,-0.6375,0.3728,1703023,85019657.16,22787179200.0,22787179200.0
2013-12-18,'002038,Ë«ðØÒ©Òµ,50.2,50.68,49.02,49.02,48.99,1.21,2.4699,0.8535,3899112,195388918.21,22933368000.0,22933368000.0
2013-12-17,'002038,Ë«ðØÒ©Òµ,48.99,49.21,47.96,48.81,48.94,0.05,0.1022,0.4573,2089301,101936009.99,22380591600.0,22380591600.0
2013-12-16,'002038,Ë«ðØÒ©Òµ,48.94,49.7,48.69,49.5,49.08,-0.14,-0.2852,0.4425,2021699,99300981.99,22357749600.0,22357749600.0
2013-12-13,'002038,Ë«ðØÒ©Òµ,49.08,49.58,48.0,48.0,48.5,0.58,1.1959,0.5957,2721176,133657610.86,22421707200.0,22421707200.0
2013-12-12,'002038,Ë«ðØÒ©Òµ,48.5,48.84,47.57,48.28,48.0,0.5,1.0417,0.4865,2222366,107335335.57,22156740000.0,22156740000.0
2013-12-11,'002038,Ë«ðØÒ©Òµ,48.0,49.01,47.71,47.71,48.1,-0.1,-0.2079,0.3684,1683055,81304148.54,21928320000.0,21928320000.0
2013-12-10,'002038,Ë«ðØÒ©Òµ,48.1,48.56,47.7,48.36,48.17,-0.07,-0.1453,0.4174,1906839,91580727.43,21974004000.0,21974004000.0
2013-12-09,'002038,Ë«ðØÒ©Òµ,48.17,48.38,47.35,47.5,47.25,0.92,1.9471,0.3791,1731933,83124558.33,22005982800.0,22005982800.0
2013-12-06,'002038,Ë«ðØÒ©Òµ,47.25,47.95,47.0,47.5,47.74,-0.49,-1.0264,0.359,1640138,77606823.57,21585690000.0,21585690000.0
2013-12-05,'002038,Ë«ðØÒ©Òµ,47.74,49.01,47.73,48.95,49.01,-1.27,-2.5913,0.4868,2224004,107221256.81,21809541600.0,21809541600.0
2013-12-04,'002038,Ë«ðØÒ©Òµ,49.01,49.2,48.0,48.0,48.12,0.89,1.8495,0.7906,3611695,175402775.09,22389728400.0,22389728400.0
2013-12-03,'002038,Ë«ðØÒ©Òµ,48.12,48.15,46.7,46.85,46.74,1.38,2.9525,0.5912,2700969,129004365.21,21983140800.0,21983140800.0
2013-12-02,'002038,Ë«ðØÒ©Òµ,46.74,48.01,46.5,47.22,48.01,-1.27,-2.6453,0.8773,4007772,188958164.92,21352701600.0,21352701600.0
2013-11-29,'002038,Ë«ðØÒ©Òµ,48.01,48.3,46.87,47.09,47.09,0.92,1.9537,0.8178,3735953,178551316.0,21932888400.0,21932888400.0
2013-11-28,'002038,Ë«ðØÒ©Òµ,47.09,47.25,46.19,46.3,46.2,0.89,1.9264,0.6447,2945447,138277357.03,21512595600.0,21512595600.0
2013-11-27,'002038,Ë«ðØÒ©Òµ,46.2,46.43,45.81,45.96,46.0,0.2,0.4348,0.5536,2529189,116566474.16,21106008000.0,21106008000.0
2013-11-26,'002038,Ë«ðØÒ©Òµ,46.0,46.5,45.66,46.42,46.35,-0.35,-0.7551,0.5717,2611895,120028208.96,21014640000.0,21014640000.0
2013-11-25,'002038,Ë«ðØÒ©Òµ,46.35,47.0,46.14,46.76,46.79,-0.44,-0.9404,0.6018,2749152,128020079.87,21174534000.0,21174534000.0
2013-11-22,'002038,Ë«ðØÒ©Òµ,46.79,47.12,46.61,46.78,46.79,0.0,0.0,0.3756,1715699,80396397.4,21375543600.0,21375543600.0
2013-11-21,'002038,Ë«ðØÒ©Òµ,46.79,47.35,46.4,47.35,47.39,-0.6,-1.2661,0.6949,3174767,148349461.23,21375543600.0,21375543600.0
2013-11-20,'002038,Ë«ðØÒ©Òµ,47.39,47.49,47.01,47.22,47.18,0.21,0.4451,0.4686,2140830,101291502.88,21649647600.0,21649647600.0
2013-11-19,'002038,Ë«ðØÒ©Òµ,47.18,47.68,46.59,47.68,47.8,-0.62,-1.2971,1.225,5596145,262774185.94,21553711200.0,21553711200.0
2013-11-18,'002038,Ë«ðØÒ©Òµ,47.8,49.99,47.53,49.8,49.75,-1.95,-3.9196,1.6635,7599721,365919551.58,21836952000.0,21836952000.0
2013-11-15,'002038,Ë«ðØÒ©Òµ,49.75,50.83,49.61,50.45,50.32,-0.57,-1.1328,0.5638,2575632,129121172.64,22727790000.0,22727790000.0
2013-11-14,'002038,Ë«ðØÒ©Òµ,50.32,50.88,49.87,50.79,50.18,0.14,0.279,0.3032,1385193,69628629.39,22988188800.0,22988188800.0
2013-11-13,'002038,Ë«ðØÒ©Òµ,50.18,51.0,49.55,50.6,50.6,-0.42,-0.83,0.5436,2483476,125145900.41,22924231200.0,22924231200.0
2013-11-12,'002038,Ë«ðØÒ©Òµ,50.6,51.0,48.79,49.0,48.78,1.82,3.731,0.9033,4126516,207219914.65,23116104000.0,23116104000.0
2013-11-11,'002038,Ë«ðØÒ©Òµ,48.78,48.85,46.6,47.8,47.88,0.9,1.8797,0.6616,3022375,144111982.49,22284655200.0,22284655200.0
2013-11-08,'002038,Ë«ðØÒ©Òµ,47.88,48.18,47.21,47.95,47.95,-0.07,-0.146,0.3497,1597398,76391458.48,21873499200.0,21873499200.0
2013-11-07,'002038,Ë«ðØÒ©Òµ,47.95,48.42,47.4,48.0,47.92,0.03,0.0626,0.3159,1443193,69076020.38,21905478000.0,21905478000.0
2013-11-06,'002038,Ë«ðØÒ©Òµ,47.92,48.06,47.01,47.9,47.97,-0.05,-0.1042,0.3539,1616945,76960428.67,21891772800.0,21891772800.0
2013-11-05,'002038,Ë«ðØÒ©Òµ,47.97,48.06,45.6,46.9,46.93,1.04,2.2161,0.5707,2607355,122710032.05,21914614800.0,21914614800.0
2013-11-04,'002038,Ë«ðØÒ©Òµ,46.93,49.4,46.9,49.01,49.02,-2.09,-4.2636,0.6792,3102979,148255192.12,21439501200.0,21439501200.0
2013-11-01,'002038,Ë«ðØÒ©Òµ,49.02,49.18,47.8,48.18,47.97,1.05,2.1889,0.6235,2848184,138435933.47,22394296800.0,22394296800.0
2013-10-31,'002038,Ë«ðØÒ©Òµ,47.97,48.2,47.14,47.7,47.64,0.33,0.6927,0.5187,2369630,113259559.95,21914614800.0,21914614800.0
2013-10-30,'002038,Ë«ðØÒ©Òµ,47.64,47.65,46.51,46.85,46.85,0.79,1.6862,0.5313,2427234,114606092.91,21763857600.0,21763857600.0
2013-10-29,'002038,Ë«ðØÒ©Òµ,46.85,47.4,45.9,46.05,46.0,0.85,1.8478,0.8773,4008047,187251924.53,21402954000.0,21402954000.0
2013-10-28,'002038,Ë«ðØÒ©Òµ,46.0,46.5,44.88,46.43,47.37,-1.37,-2.8921,1.4889,6801720,310191081.82,21014640000.0,21014640000.0
2013-10-25,'002038,Ë«ðØÒ©Òµ,47.37,49.48,46.7,49.48,49.62,-2.25,-4.5345,1.1269,5148198,244678109.0,21640510800.0,21640510800.0
2013-10-24,'002038,Ë«ðØÒ©Òµ,49.62,50.59,49.41,50.4,50.31,-0.69,-1.3715,0.4675,2135593,106572562.6,22668400800.0,22668400800.0
2013-10-23,'002038,Ë«ðØÒ©Òµ,50.31,51.4,49.9,50.48,50.26,0.05,0.0995,0.7564,3455612,174596787.19,22983620400.0,22983620400.0
2013-10-22,'002038,Ë«ðØÒ©Òµ,50.26,50.81,49.9,50.5,50.51,-0.25,-0.495,0.6841,3125135,157080631.9,22960778400.0,22960778400.0
2013-10-21,'002038,Ë«ðØÒ©Òµ,50.51,50.52,48.4,48.89,48.8,1.71,3.5041,1.3608,6216813,308708641.31,23074988400.0,23074988400.0
2013-10-18,'002038,Ë«ðØÒ©Òµ,48.8,49.13,47.94,48.2,48.7,0.1,0.2053,0.8048,3676800,177642501.89,22293792000.0,22293792000.0
2013-10-17,'002038,Ë«ðØÒ©Òµ,48.7,50.8,48.39,50.57,50.2,-1.5,-2.988,1.2142,5546737,274010871.38,22248108000.0,22248108000.0
2013-10-16,'002038,Ë«ðØÒ©Òµ,50.2,51.21,49.7,51.0,51.22,-1.02,-1.9914,0.9669,4417310,222271858.05,22933368000.0,22933368000.0
2013-10-15,'002038,Ë«ðØÒ©Òµ,51.22,51.7,50.58,51.4,50.71,0.51,1.0057,1.2054,5506807,280958697.73,23399344800.0,23399344800.0
2013-10-14,'002038,Ë«ðØÒ©Òµ,50.71,53.52,50.38,53.52,53.3,-2.59,-4.8593,1.7602,8041379,412043056.25,23166356400.0,23166356400.0
2013-10-11,'002038,Ë«ðØÒ©Òµ,53.3,54.0,52.96,53.08,53.1,0.2,0.3766,0.6203,2833887,151543305.21,24349572000.0,24349572000.0
2013-10-10,'002038,Ë«ðØÒ©Òµ,53.1,53.9,52.81,53.81,54.0,-0.9,-1.6667,0.8595,3926576,208655073.34,24258204000.0,24258204000.0
2013-10-09,'002038,Ë«ðØÒ©Òµ,54.0,55.38,53.3,55.38,55.36,-1.36,-2.4566,0.8212,3751362,203133546.36,24669360000.0,24669360000.0
2013-10-08,'002038,Ë«ðØÒ©Òµ,55.36,56.25,55.0,55.5,55.85,-0.49,-0.8774,0.5895,2693146,149824173.78,25290662400.0,25290662400.0
2013-09-30,'002038,Ë«ðØÒ©Òµ,55.85,56.2,54.54,55.8,55.32,0.53,0.9581,0.5345,2441663,135445333.16,25514514000.0,25514514000.0
2013-09-27,'002038,Ë«ðØÒ©Òµ,55.32,55.89,54.08,54.9,54.71,0.61,1.115,0.6362,2906386,160825193.09,25272388800.0,25272388800.0
2013-09-26,'002038,Ë«ðØÒ©Òµ,54.71,54.98,53.05,53.54,53.79,0.92,1.7104,0.7138,3260726,177370538.67,24993716400.0,24993716400.0
2013-09-25,'002038,Ë«ðØÒ©Òµ,53.79,55.69,53.0,55.69,55.73,-1.94,-3.4811,0.6589,3009891,163195877.54,24573423600.0,24573423600.0
2013-09-24,'002038,Ë«ðØÒ©Òµ,55.73,56.28,54.0,54.68,54.42,1.31,2.4072,1.0142,4633284,255337992.98,25459693200.0,25459693200.0
2013-09-23,'002038,Ë«ðØÒ©Òµ,54.42,54.9,51.85,52.79,52.3,2.12,4.0535,0.956,4367524,233205110.23,24861232800.0,24861232800.0
2013-09-18,'002038,Ë«ðØÒ©Òµ,52.3,52.85,51.5,51.78,51.86,0.44,0.8484,0.5341,2439781,127463554.72,23892732000.0,23892732000.0
2013-09-17,'002038,Ë«ðØÒ©Òµ,51.86,52.4,51.51,52.21,52.21,-0.35,-0.6704,0.5009,2288361,118802509.42,23691722400.0,23691722400.0
2013-09-16,'002038,Ë«ðØÒ©Òµ,52.21,52.49,51.0,51.45,51.5,0.71,1.3786,0.6439,2941477,152759356.23,23851616400.0,23851616400.0
2013-09-13,'002038,Ë«ðØÒ©Òµ,51.5,51.56,49.9,50.0,50.0,1.5,3.0,1.0373,4738887,240682458.47,23527260000.0,23527260000.0
2013-09-12,'002038,Ë«ðØÒ©Òµ,50.0,51.6,49.92,50.02,50.66,-0.66,-1.3028,0.9484,4332750,219149206.97,22842000000.0,22842000000.0
2013-09-11,'002038,Ë«ðØÒ©Òµ,50.66,51.9,49.52,50.81,50.81,-0.15,-0.2952,2.1834,9974602,504636308.25,23143514400.0,23143514400.0
2013-09-10,'002038,Ë«ðØÒ©Òµ,50.81,52.09,49.5,52.0,53.11,-2.3,-4.3306,2.3191,10594650,535963862.12,23212040400.0,23212040400.0
2013-09-09,'002038,Ë«ðØÒ©Òµ,53.11,55.0,52.68,54.91,54.77,-1.66,-3.0309,0.862,3937970,210153762.65,24262772400.0,24262772400.0
2013-09-06,'002038,Ë«ðØÒ©Òµ,54.77,55.55,53.73,54.39,54.4,0.37,0.6801,0.6486,2962964,161585906.66,25021126800.0,25021126800.0
2013-09-05,'002038,Ë«ðØÒ©Òµ,54.4,55.37,53.97,55.01,55.12,-0.72,-1.3062,0.4354,1988968,108078493.29,24852096000.0,24852096000.0
2013-09-04,'002038,Ë«ðØÒ©Òµ,55.12,56.43,54.7,55.8,55.91,-0.79,-1.413,0.3354,1532177,85194542.99,25181020800.0,25181020800.0
2013-09-03,'002038,Ë«ðØÒ©Òµ,55.91,56.1,54.61,55.45,55.0,0.91,1.6545,0.3845,1756709,97272082.97,25541924400.0,25541924400.0
2013-09-02,'002038,Ë«ðØÒ©Òµ,55.0,55.18,53.67,54.8,55.19,-0.19,-0.3443,0.5584,2551044,138577604.23,25126200000.0,25126200000.0
2013-08-30,'002038,Ë«ðØÒ©Òµ,55.19,55.8,54.8,55.5,55.55,-0.36,-0.6481,0.4364,1993460,110537743.6,25212999600.0,25212999600.0
2013-08-29,'002038,Ë«ðØÒ©Òµ,55.55,55.55,54.51,55.0,54.98,0.57,1.0367,0.5025,2295483,126725306.16,25377462000.0,25377462000.0
2013-08-28,'002038,Ë«ðØÒ©Òµ,54.98,56.66,54.7,56.66,56.98,-2.0,-3.51,0.6832,3121307,173336533.31,25117063200.0,25117063200.0
2013-08-27,'002038,Ë«ðØÒ©Òµ,56.98,57.69,56.59,56.6,56.59,0.39,0.6892,0.7052,3221521,184067244.52,26030743200.0,26030743200.0
2013-08-26,'002038,Ë«ðØÒ©Òµ,56.59,56.76,54.89,55.94,55.95,0.64,1.1439,0.762,3480949,195215113.46,25852575600.0,25852575600.0
2013-08-23,'002038,Ë«ðØÒ©Òµ,55.95,56.3,54.62,55.26,55.2,0.75,1.3587,0.6844,3126441,173665696.62,25560198000.0,25560198000.0
2013-08-22,'002038,Ë«ðØÒ©Òµ,55.2,55.8,53.0,54.18,54.0,1.2,2.2222,0.7412,3386310,185250386.09,25217568000.0,25217568000.0
2013-08-21,'002038,Ë«ðØÒ©Òµ,54.0,55.99,53.6,55.59,55.3,-1.3,-2.3508,0.7996,3652836,197306041.66,24669360000.0,24669360000.0
2013-08-20,'002038,Ë«ðØÒ©Òµ,55.3,57.0,54.73,55.2,55.2,0.1,0.1812,0.8774,4008519,224964805.64,25263252000.0,25263252000.0
2013-08-19,'002038,Ë«ðØÒ©Òµ,55.2,55.4,53.0,53.2,52.75,2.45,4.6445,1.0161,4642156,252707517.04,25217568000.0,25217568000.0
2013-08-16,'002038,Ë«ðØÒ©Òµ,52.75,55.1,52.65,54.65,55.59,-2.84,-5.1088,1.5789,7213182,388686149.86,24098310000.0,24098310000.0
2013-08-15,'002038,Ë«ðØÒ©Òµ,55.59,58.8,54.98,58.8,58.99,-3.4,-5.7637,1.3758,6284982,353859724.59,25395735600.0,25395735600.0
2013-08-14,'002038,Ë«ðØÒ©Òµ,58.99,60.17,58.5,59.0,58.92,0.07,0.1188,0.4364,1993878,117965430.69,26948991600.0,26948991600.0
2013-08-13,'002038,Ë«ðØÒ©Òµ,58.92,59.8,58.42,59.3,59.4,-0.48,-0.8081,0.4732,2161853,127352403.9,26917012800.0,26917012800.0
2013-08-12,'002038,Ë«ðØÒ©Òµ,59.4,60.99,58.22,60.7,59.74,-0.34,-0.5691,1.1183,5108881,303766119.6,27136296000.0,27136296000.0
2013-08-09,'002038,Ë«ðØÒ©Òµ,59.74,60.82,58.33,60.36,60.12,-0.38,-0.6321,0.8192,3742365,221909184.71,27291621600.0,27291621600.0
2013-08-08,'002038,Ë«ðØÒ©Òµ,60.12,60.48,58.5,58.65,58.99,1.13,1.9156,0.5096,2328195,138999875.18,27465220800.0,27465220800.0
2013-08-07,'002038,Ë«ðØÒ©Òµ,58.99,60.22,58.5,60.2,60.3,-1.31,-2.1725,0.8869,4051675,240509179.0,26948991600.0,26948991600.0
2013-08-06,'002038,Ë«ðØÒ©Òµ,60.3,60.42,59.33,59.72,59.68,0.62,1.0389,0.5072,2317189,138939932.0,27547452000.0,27547452000.0
2013-08-05,'002038,Ë«ðØÒ©Òµ,59.68,59.85,58.22,58.59,58.6,1.08,1.843,0.4688,2141706,127088705.38,27264211200.0,27264211200.0
2013-08-02,'002038,Ë«ðØÒ©Òµ,58.6,59.46,57.7,58.2,57.7,0.9,1.5598,0.7538,3443734,201269260.6,26770824000.0,26770824000.0
2013-08-01,'002038,Ë«ðØÒ©Òµ,57.7,57.8,54.4,54.4,54.39,3.31,6.0857,1.0425,4762551,267732506.11,26359668000.0,26359668000.0
2013-07-31,'002038,Ë«ðØÒ©Òµ,54.39,56.4,54.05,56.01,55.5,-1.11,-2.0,0.7862,3591820,197243605.37,24847527600.0,24847527600.0
2013-07-30,'002038,Ë«ðØÒ©Òµ,55.5,58.5,55.5,57.96,57.8,-2.3,-3.9792,0.8722,3984386,224530719.44,25354620000.0,25354620000.0
2013-07-29,'002038,Ë«ðØÒ©Òµ,57.8,59.5,57.67,59.0,59.3,-1.5,-2.5295,0.4215,1925714,112296019.54,26405352000.0,26405352000.0
2013-07-26,'002038,Ë«ðØÒ©Òµ,59.3,60.49,58.7,58.99,59.5,-0.2,-0.3361,0.282,1288418,76602971.91,27090612000.0,27090612000.0
2013-07-25,'002038,Ë«ðØÒ©Òµ,59.5,62.62,59.0,61.9,61.5,-2.0,-3.252,0.5658,2584608,155947978.28,27181980000.0,27181980000.0
2013-07-24,'002038,Ë«ðØÒ©Òµ,61.5,62.1,60.28,60.8,61.1,0.4,0.6547,0.6955,3177148,194662791.61,28095660000.0,28095660000.0
2013-07-23,'002038,Ë«ðØÒ©Òµ,61.1,61.25,58.22,59.1,58.69,2.41,4.1063,0.8881,4057347,243000937.76,27912924000.0,27912924000.0
2013-07-22,'002038,Ë«ðØÒ©Òµ,58.69,60.0,56.9,56.9,57.55,1.14,1.9809,0.6298,2877376,168968829.62,26811939600.0,26811939600.0
2013-07-19,'002038,Ë«ðØÒ©Òµ,57.55,58.9,57.3,57.38,57.49,0.06,0.1044,0.7429,3393665,197386652.86,26291142000.0,26291142000.0
2013-07-18,'002038,Ë«ðØÒ©Òµ,57.49,60.0,57.35,59.55,60.25,-2.76,-4.5809,0.9694,4428808,259031563.32,26263731600.0,26263731600.0
2013-07-17,'002038,Ë«ðØÒ©Òµ,60.25,61.99,58.93,61.5,62.1,-1.85,-2.9791,1.148,5244680,314909346.96,27524610000.0,27524610000.0
2013-07-16,'002038,Ë«ðØÒ©Òµ,62.1,63.9,61.4,63.29,63.32,-1.22,-1.9267,0.5481,2503983,156642126.77,28369764000.0,28369764000.0
2013-07-15,'002038,Ë«ðØÒ©Òµ,63.32,63.38,59.76,60.48,60.5,2.82,4.6612,0.7944,3629030,224676068.98,28927108800.0,28927108800.0
2013-07-12,'002038,Ë«ðØÒ©Òµ,60.5,61.88,59.31,60.17,60.45,0.05,0.0827,0.8426,3849410,232459468.78,27638820000.0,27638820000.0
2013-07-11,'002038,Ë«ðØÒ©Òµ,60.45,61.05,58.04,60.94,61.03,-0.58,-0.9504,0.788,3599991,215819647.25,27615978000.0,27615978000.0
2013-07-10,'002038,Ë«ðØÒ©Òµ,61.03,61.33,58.81,58.96,59.65,1.38,2.3135,0.4679,2137565,129096768.74,27880945200.0,27880945200.0
2013-07-09,'002038,Ë«ðØÒ©Òµ,59.65,59.9,58.42,59.0,59.22,0.43,0.7261,0.4178,1908575,113222106.64,27250506000.0,27250506000.0
2013-07-08,'002038,Ë«ðØÒ©Òµ,59.22,60.2,57.7,58.25,58.96,0.26,0.441,0.5125,2341328,139360954.53,27054064800.0,27054064800.0
2013-07-05,'002038,Ë«ðØÒ©Òµ,58.96,59.89,58.7,58.99,58.99,-0.03,-0.0509,0.4687,2141112,127016459.52,26935286400.0,26935286400.0
2013-07-04,'002038,Ë«ðØÒ©Òµ,58.99,61.24,58.9,60.0,61.41,-2.42,-3.9407,0.8347,3813050,228354497.98,26948991600.0,26948991600.0
2013-07-03,'002038,Ë«ðØÒ©Òµ,61.41,62.2,60.89,61.74,61.85,-0.44,-0.7114,0.6073,2774432,170878228.63,28054544400.0,28054544400.0
2013-07-02,'002038,Ë«ðØÒ©Òµ,61.85,62.35,60.16,60.69,60.75,1.1,1.8107,0.8652,3952684,243882743.98,28255554000.0,28255554000.0
2013-07-01,'002038,Ë«ðØÒ©Òµ,60.75,61.2,57.85,58.5,58.6,2.15,3.6689,0.6722,3070963,184586256.95,27753030000.0,27753030000.0
2013-06-28,'002038,Ë«ðØÒ©Òµ,58.6,59.6,57.73,58.01,58.64,-0.04,-0.0682,0.4971,2270966,133094681.86,26770824000.0,26770824000.0
2013-06-27,'002038,Ë«ðØÒ©Òµ,58.64,61.12,58.0,58.9,58.6,0.04,0.0683,1.0129,4627172,275594926.19,26789097600.0,26789097600.0
2013-06-26,'002038,Ë«ðØÒ©Òµ,58.6,58.7,53.1,53.1,53.69,4.91,9.1451,1.1068,5056378,283652528.44,26770824000.0,26770824000.0
2013-06-25,'002038,Ë«ðØÒ©Òµ,53.69,54.59,49.01,53.0,53.6,0.09,0.1679,1.1308,5166094,271143873.95,24527739600.0,24527739600.0
2013-06-24,'002038,Ë«ðØÒ©Òµ,53.6,55.36,52.4,55.36,55.36,-1.76,-3.1792,0.7665,3501565,188013691.08,24486624000.0,24486624000.0
2013-06-21,'002038,Ë«ðØÒ©Òµ,55.36,55.95,53.01,53.35,54.8,0.56,1.0219,0.67,3060666,167457459.23,25290662400.0,25290662400.0
2013-06-20,'002038,Ë«ðØÒ©Òµ,54.8,57.2,53.69,56.7,56.8,-2.0,-3.5211,0.6007,2744459,150489826.58,25034832000.0,25034832000.0
2013-06-19,'002038,Ë«ðØÒ©Òµ,56.8,57.75,56.21,57.75,57.78,-0.98,-1.6961,0.4326,1976102,112409276.9,25948512000.0,25948512000.0
2013-06-18,'002038,Ë«ðØÒ©Òµ,57.78,58.5,57.01,57.92,57.91,-0.13,-0.2245,0.5809,2653878,153556232.97,26396215200.0,26396215200.0
2013-06-17,'002038,Ë«ðØÒ©Òµ,57.91,58.45,55.64,55.83,55.88,2.03,3.6328,0.6237,2849379,164109974.36,26455604400.0,26455604400.0
2013-06-14,'002038,Ë«ðØÒ©Òµ,55.88,56.2,53.88,54.0,53.85,2.03,3.7697,0.6951,3175416,176322376.42,25528219200.0,25528219200.0
2013-06-13,'002038,Ë«ðØÒ©Òµ,53.85,55.3,52.51,54.8,54.96,-1.11,-2.0197,0.6239,2850380,152882944.11,24600834000.0,24600834000.0
2013-06-07,'002038,Ë«ðØÒ©Òµ,54.96,55.38,54.25,55.0,54.65,0.31,0.5672,0.2735,1249405,68426921.11,25107926400.0,25107926400.0
2013-06-06,'002038,Ë«ðØÒ©Òµ,54.65,56.68,54.16,56.3,56.35,-1.7,-3.0169,0.5536,2529194,139120580.07,24966306000.0,24966306000.0
2013-06-05,'002038,Ë«ðØÒ©Òµ,56.35,57.26,55.26,56.3,56.2,0.15,0.2669,0.5223,2386100,134171665.28,25742934000.0,25742934000.0
2013-06-04,'002038,Ë«ðØÒ©Òµ,56.2,57.65,55.79,57.65,58.0,-1.8,-3.1034,0.7223,3299869,185342722.78,25674408000.0,25674408000.0
2013-06-03,'002038,Ë«ðØÒ©Òµ,58.0,59.9,56.75,59.9,59.95,-1.95,-3.2527,0.9714,4437862,257359771.43,26496720000.0,26496720000.0
2013-05-31,'002038,Ë«ðØÒ©Òµ,59.95,61.05,59.93,60.84,60.93,-0.98,-1.6084,0.4141,1891874,114094986.1,27387558000.0,27387558000.0
2013-05-30,'002038,Ë«ðØÒ©Òµ,60.93,61.8,60.5,60.5,60.85,0.08,0.1315,0.3703,1691489,103187230.96,27835261200.0,27835261200.0
2013-05-29,'002038,Ë«ðØÒ©Òµ,60.85,60.99,57.31,58.89,58.51,2.34,3.9993,0.3785,1729209,103249195.2,27798714000.0,27798714000.0
2013-05-28,'002038,Ë«ðØÒ©Òµ,58.51,59.69,58.08,59.0,58.42,0.09,0.1541,0.5125,2341388,137555560.83,26729708400.0,26729708400.0
2013-05-27,'002038,Ë«ðØÒ©Òµ,70.35,73.0,69.04,71.66,71.67,-1.32,-1.8418,0.6799,2588426,182000878.45,26782245000.0,26782245000.0
2013-05-24,'002038,Ë«ðØÒ©Òµ,71.67,73.0,69.79,69.89,69.88,1.79,2.5615,0.4708,1792265,128345566.79,27284769000.0,27284769000.0
2013-05-23,'002038,Ë«ðØÒ©Òµ,69.88,70.64,66.0,66.3,66.59,3.29,4.9407,1.0054,3827619,265221389.2,26603316000.0,26603316000.0
2013-05-22,'002038,Ë«ðØÒ©Òµ,66.59,68.3,63.8,64.45,64.89,1.7,2.6198,0.5404,2057432,136855091.58,25350813000.0,25350813000.0
2013-05-21,'002038,Ë«ðØÒ©Òµ,64.89,65.2,62.81,62.81,63.48,1.41,2.2212,0.6023,2293069,146973955.14,24703623000.0,24703623000.0
2013-05-20,'002038,Ë«ðØÒ©Òµ,63.48,66.01,60.14,66.0,66.82,-3.34,-4.9985,1.8475,7033545,441099574.9,24166836000.0,24166836000.0
2013-05-17,'002038,Ë«ðØÒ©Òµ,66.82,68.36,65.71,67.3,67.38,-0.56,-0.8311,0.7363,2803177,187559602.73,25438374000.0,25438374000.0
2013-05-16,'002038,Ë«ðØÒ©Òµ,67.38,67.8,63.8,64.69,64.64,2.74,4.2389,0.6493,2471720,163205211.33,25651566000.0,25651566000.0
2013-05-15,'002038,Ë«ðØÒ©Òµ,64.64,64.98,61.56,61.8,61.96,2.68,4.3254,0.4506,1715449,109167711.25,24608448000.0,24608448000.0
2013-05-14,'002038,Ë«ðØÒ©Òµ,61.96,63.18,61.73,63.18,62.95,-0.99,-1.5727,0.3084,1174182,72874653.46,23588172000.0,23588172000.0
2013-05-13,'002038,Ë«ðØÒ©Òµ,62.95,64.19,62.3,63.1,63.81,-0.86,-1.3478,0.2526,961720,60795622.7,23965065000.0,23965065000.0
2013-05-10,'002038,Ë«ðØÒ©Òµ,63.81,65.17,62.71,64.71,65.0,-1.19,-1.8308,0.3263,1242152,78990213.99,24292467000.0,24292467000.0
2013-05-09,'002038,Ë«ðØÒ©Òµ,65.0,65.49,63.6,65.49,65.6,-0.6,-0.9146,0.4327,1647388,106304734.24,24745500000.0,24745500000.0
2013-05-08,'002038,Ë«ðØÒ©Òµ,65.6,65.9,62.59,62.9,62.61,2.99,4.7756,0.6435,2449704,157812854.96,24973920000.0,24973920000.0
2013-05-07,'002038,Ë«ðØÒ©Òµ,62.61,64.08,62.55,63.94,64.0,-1.39,-2.1719,0.4083,1554384,98069802.93,23835627000.0,23835627000.0
2013-05-06,'002038,Ë«ðØÒ©Òµ,64.0,65.8,63.5,65.5,65.0,-1.0,-1.5385,0.4226,1608886,103492136.49,24364800000.0,24364800000.0
2013-05-03,'002038,Ë«ðØÒ©Òµ,65.0,65.47,64.14,64.55,64.48,0.52,0.8065,0.4443,1691398,109616116.51,24745500000.0,24745500000.0
2013-05-02,'002038,Ë«ðØÒ©Òµ,64.48,64.53,59.1,59.41,60.3,4.18,6.932,0.8276,3150494,196327557.48,24547536000.0,24547536000.0
2013-04-26,'002038,Ë«ðØÒ©Òµ,60.3,63.2,60.27,61.99,62.01,-1.71,-2.7576,0.4045,1539978,94421367.43,22956210000.0,22956210000.0
2013-04-25,'002038,Ë«ðØÒ©Òµ,62.01,63.8,59.6,60.02,60.52,1.49,2.462,0.8847,3368042,210424504.08,23607207000.0,23607207000.0
2013-04-24,'002038,Ë«ðØÒ©Òµ,60.52,60.59,57.17,57.9,58.0,2.52,4.3448,0.7253,2761301,163877630.46,23039964000.0,23039964000.0
2013-04-23,'002038,Ë«ðØÒ©Òµ,58.0,60.0,58.0,59.99,59.49,-1.49,-2.5046,0.7386,2812000,166191398.91,22080600000.0,22080600000.0
2013-04-22,'002038,Ë«ðØÒ©Òµ,59.49,60.33,59.0,59.5,58.91,0.58,0.9846,0.7374,2807131,167991466.08,22647843000.0,22647843000.0
2013-04-19,'002038,Ë«ðØÒ©Òµ,58.91,60.6,58.01,59.01,58.57,0.34,0.5805,0.9123,3472999,207578009.69,22427037000.0,22427037000.0
2013-04-18,'002038,Ë«ðØÒ©Òµ,58.57,59.68,54.8,56.0,57.35,1.22,2.1273,1.2632,4809046,281095503.3,22297599000.0,22297599000.0
2013-04-17,'002038,Ë«ðØÒ©Òµ,57.35,57.54,54.2,55.07,55.13,2.22,4.0268,0.6658,2534836,142098942.11,21833145000.0,21833145000.0
2013-04-16,'002038,Ë«ðØÒ©Òµ,55.13,55.5,52.6,53.62,54.04,1.09,2.017,0.4905,1867256,100959865.19,20987991000.0,20987991000.0
2013-04-15,'002038,Ë«ðØÒ©Òµ,54.04,56.4,53.26,55.95,55.53,-1.49,-2.6832,0.6491,2471118,133230906.53,20573028000.0,20573028000.0
2013-04-12,'002038,Ë«ðØÒ©Òµ,55.53,56.55,54.1,54.48,54.6,0.93,1.7033,0.553,2105192,117619059.75,21140271000.0,21140271000.0
2013-04-11,'002038,Ë«ðØÒ©Òµ,54.6,55.55,53.08,54.58,54.52,0.08,0.1467,0.8784,3343972,181815681.22,20786220000.0,20786220000.0
2013-04-10,'002038,Ë«ðØÒ©Òµ,54.52,55.1,53.2,55.0,55.1,-0.58,-1.0526,1.1314,4307159,232565521.51,20755764000.0,20755764000.0
2013-04-09,'002038,Ë«ðØÒ©Òµ,55.1,58.49,55.0,57.97,58.0,-2.9,-5.0,1.0787,4106761,230830722.93,20976570000.0,20976570000.0
2013-04-08,'002038,Ë«ðØÒ©Òµ,58.0,58.29,55.8,55.98,56.5,1.5,2.6549,1.4537,5534309,315803414.81,22080600000.0,22080600000.0
2013-04-03,'002038,Ë«ðØÒ©Òµ,56.5,57.1,55.0,55.0,56.0,0.5,0.8929,1.105,4206574,237167106.73,21509550000.0,21509550000.0
2013-04-02,'002038,Ë«ðØÒ©Òµ,56.0,61.4,55.41,61.4,61.57,-5.57,-9.0466,1.6502,6282274,360782085.19,21319200000.0,21319200000.0
2013-04-01,'002038,Ë«ðØÒ©Òµ,61.57,63.0,60.0,62.05,62.5,-0.93,-1.488,0.8416,3204015,195876196.82,23439699000.0,23439699000.0
2013-03-29,'002038,Ë«ðØÒ©Òµ,62.5,63.0,61.8,62.51,63.0,-0.5,-0.7937,0.2966,1129007,70505557.63,23793750000.0,23793750000.0
2013-03-28,'002038,Ë«ðØÒ©Òµ,63.0,63.75,62.21,63.56,63.6,-0.6,-0.9434,0.5737,2184047,137604190.31,23984100000.0,23984100000.0
2013-03-27,'002038,Ë«ðØÒ©Òµ,63.6,63.6,61.12,61.59,61.6,2.0,3.2468,0.6026,2294272,144215573.52,24212520000.0,24212520000.0
2013-03-26,'002038,Ë«ðØÒ©Òµ,61.6,62.35,60.2,61.15,61.52,0.08,0.13,0.3909,1488035,91047234.48,23451120000.0,23451120000.0
2013-03-25,'002038,Ë«ðØÒ©Òµ,61.52,62.66,60.96,62.18,62.0,-0.48,-0.7742,0.3707,1411155,86754732.87,23420664000.0,23420664000.0
2013-03-22,'002038,Ë«ðØÒ©Òµ,62.0,62.88,60.8,62.2,62.1,-0.1,-0.161,0.3836,1460470,90255227.64,23603400000.0,23603400000.0
2013-03-21,'002038,Ë«ðØÒ©Òµ,62.1,62.16,60.0,60.6,60.35,1.75,2.8998,0.6033,2296750,141034381.7,23641470000.0,23641470000.0
2013-03-20,'002038,Ë«ðØÒ©Òµ,60.35,60.5,58.11,58.65,58.66,1.69,2.881,0.5398,2054890,122122301.77,22975245000.0,22975245000.0
2013-03-19,'002038,Ë«ðØÒ©Òµ,58.66,59.49,57.1,58.58,58.3,0.36,0.6175,0.7624,2902396,168356052.76,22331862000.0,22331862000.0
2013-03-18,'002038,Ë«ðØÒ©Òµ,58.3,62.1,58.0,60.0,60.33,-2.03,-3.3648,0.8334,3172618,190479113.03,22194810000.0,22194810000.0
2013-03-15,'002038,Ë«ðØÒ©Òµ,60.33,63.2,59.7,59.7,60.0,0.33,0.55,0.8902,3389071,209222692.1,22967631000.0,22967631000.0
2013-03-14,'002038,Ë«ðØÒ©Òµ,60.0,60.0,57.3,57.71,58.0,2.0,3.4483,0.6732,2563041,149977272.34,22842000000.0,22842000000.0
2013-03-13,'002038,Ë«ðØÒ©Òµ,58.0,59.16,56.85,57.5,57.57,0.43,0.7469,0.5355,2038529,118871616.52,22080600000.0,22080600000.0
2013-03-12,'002038,Ë«ðØÒ©Òµ,57.57,59.16,56.21,58.8,59.0,-1.43,-2.4237,0.7573,2883141,165829564.8,21916899000.0,21916899000.0
2013-03-11,'002038,Ë«ðØÒ©Òµ,59.0,59.19,56.5,57.45,56.9,2.1,3.6907,0.6544,2491330,145660578.27,22461300000.0,22461300000.0
2013-03-08,'002038,Ë«ðØÒ©Òµ,56.9,57.94,56.2,56.71,56.5,0.4,0.708,0.3919,1491793,85030565.3,21661830000.0,21661830000.0
2013-03-07,'002038,Ë«ðØÒ©Òµ,56.5,59.19,56.36,59.19,59.0,-2.5,-4.2373,1.1526,4388085,250548773.32,21509550000.0,21509550000.0
2013-03-06,'002038,Ë«ðØÒ©Òµ,59.0,61.2,58.63,59.98,59.8,-0.8,-1.3378,0.8526,3245870,195059195.82,22461300000.0,22461300000.0
2013-03-05,'002038,Ë«ðØÒ©Òµ,59.8,60.08,56.85,57.9,57.99,1.81,3.1212,0.8716,3318222,196112335.64,22765860000.0,22765860000.0
2013-03-04,'002038,Ë«ðØÒ©Òµ,57.99,59.56,56.11,57.0,57.19,0.8,1.3988,1.1121,4233933,247126021.64,22076793000.0,22076793000.0
2013-03-01,'002038,Ë«ðØÒ©Òµ,57.19,57.5,54.59,54.6,54.59,2.6,4.7628,0.8466,3222922,180282904.73,21772233000.0,21772233000.0
2013-02-28,'002038,Ë«ðØÒ©Òµ,54.59,54.9,52.22,52.22,52.0,2.59,4.9808,1.0055,3827898,206644330.69,20782413000.0,20782413000.0
2013-02-27,'002038,Ë«ðØÒ©Òµ,52.0,53.57,51.9,52.48,52.85,-0.85,-1.6083,0.6527,2484771,130222479.75,19796400000.0,19796400000.0
2013-02-26,'002038,Ë«ðØÒ©Òµ,52.85,55.0,52.6,54.0,54.25,-1.4,-2.5806,0.7175,2731709,147347874.69,20119995000.0,20119995000.0
2013-02-25,'002038,Ë«ðØÒ©Òµ,54.25,54.33,53.0,54.2,53.8,0.45,0.8364,0.8185,3115945,168063082.67,20652975000.0,20652975000.0
2013-02-22,'002038,Ë«ðØÒ©Òµ,53.8,53.9,50.85,50.9,51.0,2.8,5.4902,0.9197,3501181,183734224.53,20481660000.0,20481660000.0
2013-02-21,'002038,Ë«ðØÒ©Òµ,51.0,55.0,50.1,52.5,52.3,-1.3,-2.4857,1.3682,5208836,275099864.1,19415700000.0,19415700000.0
2013-02-20,'002038,Ë«ðØÒ©Òµ,52.3,52.7,49.9,50.34,50.09,2.21,4.4121,0.5972,2273508,117028592.59,19910610000.0,19910610000.0
2013-02-19,'002038,Ë«ðØÒ©Òµ,50.09,51.44,49.5,51.13,51.13,-1.04,-2.034,0.3768,1434425,71977364.63,19069263000.0,19069263000.0
2013-02-18,'002038,Ë«ðØÒ©Òµ,51.13,51.96,50.14,51.7,51.49,-0.36,-0.6992,0.4217,1605443,82572063.2,19465191000.0,19465191000.0
2013-02-08,'002038,Ë«ðØÒ©Òµ,51.49,52.05,49.6,50.2,49.55,1.94,3.9152,0.6652,2532268,129855709.26,19602243000.0,19602243000.0
2013-02-07,'002038,Ë«ðØÒ©Òµ,49.55,50.45,48.53,48.53,48.53,1.02,2.1018,0.5698,2169088,107918511.43,18863685000.0,18863685000.0
2013-02-06,'002038,Ë«ðØÒ©Òµ,48.53,49.9,46.7,47.0,47.0,1.53,3.2553,0.592,2253744,108719359.87,18475371000.0,18475371000.0
2013-02-05,'002038,Ë«ðØÒ©Òµ,47.0,47.8,45.6,46.46,46.0,1.0,2.1739,0.5948,2264449,106150923.25,17892900000.0,17892900000.0
2013-02-04,'002038,Ë«ðØÒ©Òµ,46.0,47.71,45.63,47.35,47.71,-1.71,-3.5842,0.8066,3070574,141983369.48,17512200000.0,17512200000.0
2013-02-01,'002038,Ë«ðØÒ©Òµ,47.71,48.99,47.27,47.49,47.78,-0.07,-0.1465,0.5132,1953896,93845047.37,18163197000.0,18163197000.0
2013-01-31,'002038,Ë«ðØÒ©Òµ,47.78,49.96,47.0,48.56,48.28,-0.5,-1.0356,0.4922,1873917,89813297.29,18189846000.0,18189846000.0
2013-01-30,'002038,Ë«ðØÒ©Òµ,48.28,49.2,47.8,49.2,49.36,-1.08,-2.188,0.5495,2091837,100809128.59,18380196000.0,18380196000.0
2013-01-29,'002038,Ë«ðØÒ©Òµ,49.36,50.18,48.55,48.97,49.0,0.36,0.7347,0.73,2779178,137742873.54,18791352000.0,18791352000.0
2013-01-28,'002038,Ë«ðØÒ©Òµ,49.0,49.38,47.18,47.94,47.8,1.2,2.5105,0.544,2071076,100362313.15,18654300000.0,18654300000.0
2013-01-25,'002038,Ë«ðØÒ©Òµ,47.8,48.08,45.0,45.43,45.15,2.65,5.8693,0.872,3319548,155663006.62,18197460000.0,18197460000.0
2013-01-24,'002038,Ë«ðØÒ©Òµ,45.15,47.0,44.4,45.85,45.7,-0.55,-1.2035,0.7302,2779932,126390867.14,17188605000.0,17188605000.0
2013-01-23,'002038,Ë«ðØÒ©Òµ,45.7,47.1,44.8,44.8,45.29,0.41,0.9053,0.6919,2633965,121428695.66,17397990000.0,17397990000.0
2013-01-22,'002038,Ë«ðØÒ©Òµ,45.29,47.25,44.0,45.29,45.3,-0.01,-0.0221,1.4891,5669165,259940466.6,17241903000.0,17241903000.0
2013-01-21,'002038,Ë«ðØÒ©Òµ,45.3,45.9,43.81,43.81,43.71,1.59,3.6376,1.1891,4526916,203695873.74,17245710000.0,17245710000.0
2013-01-18,'002038,Ë«ðØÒ©Òµ,43.71,44.4,42.93,42.93,43.0,0.71,1.6512,0.9962,3792383,165997865.74,16640397000.0,16640397000.0
2013-01-17,'002038,Ë«ðØÒ©Òµ,43.0,44.18,42.65,42.65,42.18,0.82,1.944,1.3994,5327548,232371942.67,16370100000.0,16370100000.0
2013-01-16,'002038,Ë«ðØÒ©Òµ,42.18,42.76,40.9,41.2,41.2,0.98,2.3786,1.1382,4333122,182564812.07,16057926000.0,16057926000.0
2013-01-15,'002038,Ë«ðØÒ©Òµ,41.2,41.74,39.71,39.93,39.94,1.26,3.1547,0.9181,3495125,142776398.24,15684840000.0,15684840000.0
2013-01-14,'002038,Ë«ðØÒ©Òµ,39.94,40.1,38.53,38.53,38.67,1.27,3.2842,0.9085,3458778,137050944.82,15205158000.0,15205158000.0
2013-01-11,'002038,Ë«ðØÒ©Òµ,38.67,39.68,38.35,39.17,39.18,-0.51,-1.3017,0.3494,1330095,51973495.54,14721669000.0,14721669000.0
2013-01-10,'002038,Ë«ðØÒ©Òµ,39.18,39.66,38.77,39.4,39.4,-0.22,-0.5584,0.5502,2094458,81999205.32,14915826000.0,14915826000.0
2013-01-09,'002038,Ë«ðØÒ©Òµ,39.4,40.05,38.65,38.9,38.9,0.5,1.2853,0.7131,2714825,107065483.02,14999580000.0,14999580000.0
2013-01-08,'002038,Ë«ðØÒ©Òµ,38.9,39.3,37.56,37.6,37.52,1.38,3.678,1.0741,4089057,158682514.38,14809230000.0,14809230000.0
2013-01-07,'002038,Ë«ðØÒ©Òµ,37.52,38.25,36.85,37.2,37.48,0.04,0.1067,0.7081,2695589,101205560.91,14283864000.0,14283864000.0
2013-01-04,'002038,Ë«ðØÒ©Òµ,37.48,39.2,36.08,39.2,39.56,-2.08,-5.2578,1.7516,6668240,246252789.89,14268636000.0,14268636000.0
2012-12-31,'002038,Ë«ðØÒ©Òµ,39.56,39.56,38.07,38.89,38.89,0.67,1.7228,1.6413,6248500,242689217.39,15060492000.0,15060492000.0
2012-12-28,'002038,Ë«ðØÒ©Òµ,38.89,38.99,37.03,37.6,37.68,1.21,3.2113,0.6066,2309257,88446348.2,14805423000.0,14805423000.0
2012-12-27,'002038,Ë«ðØÒ©Òµ,37.68,38.0,36.65,37.42,37.4,0.28,0.7487,0.6422,2444997,91713480.38,14344776000.0,14344776000.0
2012-12-26,'002038,Ë«ðØÒ©Òµ,37.4,38.1,36.95,37.5,37.6,-0.2,-0.5319,0.6224,2369346,88823381.67,14238180000.0,14238180000.0
2012-12-25,'002038,Ë«ðØÒ©Òµ,37.6,37.82,36.25,36.7,36.75,0.85,2.3129,0.8772,3339311,124587518.3,14314320000.0,14314320000.0
2012-12-24,'002038,Ë«ðØÒ©Òµ,36.75,37.17,35.2,35.2,35.24,1.51,4.2849,0.8878,3379850,122577107.11,13990725000.0,13990725000.0
2012-12-21,'002038,Ë«ðØÒ©Òµ,35.24,35.39,33.65,33.7,33.7,1.54,4.5697,1.0448,3977596,138094667.07,13415868000.0,13415868000.0
2012-12-20,'002038,Ë«ðØÒ©Òµ,33.7,34.14,33.02,33.3,33.35,0.35,1.0495,0.6955,2647844,89240689.42,12829590000.0,12829590000.0
2012-12-19,'002038,Ë«ðØÒ©Òµ,33.35,33.64,32.92,33.34,33.19,0.16,0.4821,0.7077,2694080,89631391.93,12696345000.0,12696345000.0
2012-12-18,'002038,Ë«ðØÒ©Òµ,33.19,33.9,32.87,33.9,33.83,-0.64,-1.8918,0.8493,3233375,107291145.45,12635433000.0,12635433000.0
2012-12-17,'002038,Ë«ðØÒ©Òµ,33.83,35.3,33.46,35.02,35.29,-1.46,-4.1371,0.7057,2686492,91300506.59,12879081000.0,12879081000.0
2012-12-14,'002038,Ë«ðØÒ©Òµ,35.29,35.49,34.25,34.25,34.27,1.02,2.9764,0.4884,1859393,65396387.88,13434903000.0,13434903000.0
2012-12-13,'002038,Ë«ðØÒ©Òµ,34.27,34.29,33.6,33.71,34.1,0.17,0.4985,0.3204,1219792,41520795.15,13046589000.0,13046589000.0
2012-12-12,'002038,Ë«ðØÒ©Òµ,34.1,34.45,33.71,34.0,34.21,-0.11,-0.3215,0.268,1020249,34735530.57,12981870000.0,12981870000.0
2012-12-11,'002038,Ë«ðØÒ©Òµ,34.21,34.64,33.68,34.19,34.2,0.01,0.0292,0.3619,1377620,46941788.16,13023747000.0,13023747000.0
2012-12-10,'002038,Ë«ðØÒ©Òµ,34.2,35.09,33.85,34.87,34.93,-0.73,-2.0899,0.5296,2016305,68991285.94,13019940000.0,13019940000.0
2012-12-07,'002038,Ë«ðØÒ©Òµ,34.93,35.15,34.65,34.8,34.69,0.24,0.6918,0.3333,1268771,44285266.63,13297851000.0,13297851000.0
2012-12-06,'002038,Ë«ðØÒ©Òµ,34.69,35.09,34.5,34.98,34.98,-0.29,-0.829,0.2429,924617,32183404.97,13206483000.0,13206483000.0
2012-12-05,'002038,Ë«ðØÒ©Òµ,34.98,36.0,33.52,33.75,33.7,1.28,3.7982,0.4742,1805426,62963521.77,13316886000.0,13316886000.0
2012-12-04,'002038,Ë«ðØÒ©Òµ,33.7,34.07,33.33,33.9,33.7,0.0,0.0,0.2793,1063265,35768856.15,12829590000.0,12829590000.0
2012-12-03,'002038,Ë«ðØÒ©Òµ,33.7,34.18,33.6,33.6,33.9,-0.2,-0.59,0.2182,830784,28227739.7,12829590000.0,12829590000.0
2012-11-30,'002038,Ë«ðØÒ©Òµ,33.9,34.17,33.14,33.14,33.14,0.76,2.2933,0.2019,768817,25925766.73,12905730000.0,12905730000.0
2012-11-29,'002038,Ë«ðØÒ©Òµ,33.14,33.69,33.1,33.13,33.06,0.08,0.242,0.1862,709006,23667757.58,12616398000.0,12616398000.0
2012-11-28,'002038,Ë«ðØÒ©Òµ,33.06,34.47,32.91,34.47,34.49,-1.43,-4.1461,0.6447,2454280,81770826.09,12585942000.0,12585942000.0
2012-11-27,'002038,Ë«ðØÒ©Òµ,34.49,35.49,33.88,35.3,35.69,-1.2,-3.3623,0.5614,2137215,74006678.86,13130343000.0,13130343000.0
2012-11-26,'002038,Ë«ðØÒ©Òµ,35.69,35.7,34.86,35.5,35.7,-0.01,-0.028,0.2412,918387,32314898.64,13587183000.0,13587183000.0
2012-11-23,'002038,Ë«ðØÒ©Òµ,35.7,36.07,34.65,35.8,35.6,0.1,0.2809,0.3565,1357123,48004709.59,13590990000.0,13590990000.0
2012-11-22,'002038,Ë«ðØÒ©Òµ,35.6,36.37,35.21,35.59,35.76,-0.16,-0.4474,0.3375,1284709,46317053.32,13552920000.0,13552920000.0
2012-11-21,'002038,Ë«ðØÒ©Òµ,35.76,36.15,35.02,35.3,35.43,0.33,0.9314,0.4025,1532333,54673298.69,13613832000.0,13613832000.0
2012-11-20,'002038,Ë«ðØÒ©Òµ,35.43,36.1,34.54,35.78,35.88,-0.45,-1.2542,0.2447,931481,33055563.99,13488201000.0,13488201000.0
2012-11-19,'002038,Ë«ðØÒ©Òµ,35.88,36.25,34.89,36.25,36.3,-0.42,-1.157,0.5869,2234466,79398902.4,13659516000.0,13659516000.0
2012-11-16,'002038,Ë«ðØÒ©Òµ,36.3,37.28,35.26,36.66,36.5,-0.2,-0.5479,0.3218,1225038,44281774.16,13819410000.0,13819410000.0
2012-11-15,'002038,Ë«ðØÒ©Òµ,36.5,37.5,36.35,36.55,36.72,-0.22,-0.5991,0.2585,984045,36524237.21,13895550000.0,13895550000.0
2012-11-14,'002038,Ë«ðØÒ©Òµ,36.72,37.15,36.47,36.73,36.5,0.22,0.6027,0.2667,1015282,37319806.53,13979304000.0,13979304000.0
2012-11-13,'002038,Ë«ðØÒ©Òµ,36.5,37.38,36.3,37.0,37.29,-0.79,-2.1185,0.3684,1402382,51250856.6,13895550000.0,13895550000.0
2012-11-12,'002038,Ë«ðØÒ©Òµ,37.29,39.06,36.67,38.61,38.6,-1.31,-3.3938,0.4321,1644976,61731142.92,14196303000.0,14196303000.0
2012-11-09,'002038,Ë«ðØÒ©Òµ,38.6,39.15,37.86,38.15,38.2,0.4,1.0471,0.3741,1424315,55135282.76,14695020000.0,14695020000.0
2012-11-08,'002038,Ë«ðØÒ©Òµ,38.2,38.58,37.55,38.01,38.2,0.0,0.0,0.166,631876,24079161.19,14542740000.0,14542740000.0
2012-11-07,'002038,Ë«ðØÒ©Òµ,38.2,38.4,37.84,38.0,38.13,0.07,0.1836,0.1499,570487,21731952.77,14542740000.0,14542740000.0
2012-11-06,'002038,Ë«ðØÒ©Òµ,38.13,38.15,37.41,37.8,37.9,0.23,0.6069,0.1949,741942,28041727.88,14516091000.0,14516091000.0
2012-11-05,'002038,Ë«ðØÒ©Òµ,37.9,39.2,37.65,38.95,38.82,-0.92,-2.3699,0.4176,1589936,60612979.43,14428530000.0,14428530000.0
2012-11-02,'002038,Ë«ðØÒ©Òµ,38.82,39.2,38.55,38.9,39.19,-0.37,-0.9441,0.2638,1004248,38989967.01,14778774000.0,14778774000.0
2012-11-01,'002038,Ë«ðØÒ©Òµ,39.19,39.29,38.15,38.41,38.6,0.59,1.5285,0.4304,1638580,63613676.96,14919633000.0,14919633000.0
2012-10-31,'002038,Ë«ðØÒ©Òµ,38.6,39.05,37.01,37.53,37.28,1.32,3.5408,0.6549,2493356,95729603.49,14695020000.0,14695020000.0
2012-10-30,'002038,Ë«ðØÒ©Òµ,37.28,38.26,37.0,37.0,37.22,0.06,0.1612,0.3346,1273883,48135199.24,14192496000.0,14192496000.0
2012-10-29,'002038,Ë«ðØÒ©Òµ,37.22,37.3,36.22,36.22,36.67,0.55,1.4999,0.5045,1920789,70767284.98,14169654000.0,14169654000.0
2012-10-26,'002038,Ë«ðØÒ©Òµ,36.67,37.28,36.05,36.69,36.69,-0.02,-0.0545,0.4226,1608662,58570736.89,13960269000.0,13960269000.0
2012-10-25,'002038,Ë«ðØÒ©Òµ,36.69,37.5,36.36,37.5,37.11,-0.42,-1.1318,0.4776,1818258,67000990.33,13967883000.0,13967883000.0
2012-10-24,'002038,Ë«ðØÒ©Òµ,37.11,37.71,37.02,37.7,37.47,-0.36,-0.9608,0.2035,774904,29074521.03,14127777000.0,14127777000.0
2012-10-23,'002038,Ë«ðØÒ©Òµ,37.47,38.43,37.31,38.2,38.29,-0.82,-2.1416,0.2791,1062722,40239045.11,14264829000.0,14264829000.0
2012-10-22,'002038,Ë«ðØÒ©Òµ,38.29,38.5,38.02,38.29,38.3,-0.01,-0.0261,0.2992,1139206,43590382.44,14577003000.0,14577003000.0
2012-10-19,'002038,Ë«ðØÒ©Òµ,38.3,39.09,38.1,38.9,39.1,-0.8,-2.046,0.2792,1063063,40964434.07,14580810000.0,14580810000.0
2012-10-18,'002038,Ë«ðØÒ©Òµ,39.1,39.55,38.68,38.68,38.68,0.42,1.0858,0.3694,1406420,55196464.51,14885370000.0,14885370000.0
2012-10-17,'002038,Ë«ðØÒ©Òµ,38.68,39.4,38.63,38.96,38.68,0.0,0.0,0.2239,852295,33211199.27,14725476000.0,14725476000.0
2012-10-16,'002038,Ë«ðØÒ©Òµ,38.68,39.55,38.22,38.22,38.6,0.08,0.2073,0.4237,1612911,63307947.4,14725476000.0,14725476000.0
2012-10-15,'002038,Ë«ðØÒ©Òµ,38.6,38.85,37.5,37.86,37.5,1.1,2.9333,0.5677,2161317,82584350.26,14695020000.0,14695020000.0
2012-10-12,'002038,Ë«ðØÒ©Òµ,37.5,38.3,37.23,38.03,37.95,-0.45,-1.1858,0.2823,1074799,40606761.92,14276250000.0,14276250000.0
2012-10-11,'002038,Ë«ðØÒ©Òµ,37.95,38.0,37.03,37.42,37.4,0.55,1.4706,0.3331,1268112,47844156.23,14447565000.0,14447565000.0
2012-10-10,'002038,Ë«ðØÒ©Òµ,37.4,38.0,36.13,36.13,36.3,1.1,3.0303,0.4048,1541234,57719329.32,14238180000.0,14238180000.0
2012-10-09,'002038,Ë«ðØÒ©Òµ,36.3,36.9,35.59,35.59,35.4,0.9,2.5424,0.4907,1868184,68052838.79,13819410000.0,13819410000.0
2012-10-08,'002038,Ë«ðØÒ©Òµ,35.4,35.97,35.12,35.97,35.8,-0.4,-1.1173,0.1945,740558,26323008.26,13476780000.0,13476780000.0
2012-09-28,'002038,Ë«ðØÒ©Òµ,35.8,36.0,34.49,34.49,34.83,0.97,2.785,0.3417,1300782,45701700.82,13629060000.0,13629060000.0
2012-09-27,'002038,Ë«ðØÒ©Òµ,34.83,35.58,34.05,34.05,34.03,0.8,2.3509,0.247,940322,32647506.79,13259781000.0,13259781000.0
2012-09-26,'002038,Ë«ðØÒ©Òµ,34.03,35.07,34.0,35.07,34.77,-0.74,-2.1283,0.1649,627638,21520365.83,12955221000.0,12955221000.0
2012-09-25,'002038,Ë«ðØÒ©Òµ,34.77,35.09,34.37,34.41,34.5,0.27,0.7826,0.1593,606418,21004019.52,13236939000.0,13236939000.0
2012-09-24,'002038,Ë«ðØÒ©Òµ,34.5,35.1,34.0,34.7,35.04,-0.54,-1.5411,0.243,925118,32157459.69,13134150000.0,13134150000.0
2012-09-21,'002038,Ë«ðØÒ©Òµ,35.04,35.58,34.61,35.58,35.6,-0.56,-1.573,0.3047,1159864,40651906.31,13339728000.0,13339728000.0
2012-09-20,'002038,Ë«ðØÒ©Òµ,35.6,36.2,35.1,36.1,36.16,-0.56,-1.5487,0.4116,1566825,55787756.56,13552920000.0,13552920000.0
2012-09-19,'002038,Ë«ðØÒ©Òµ,36.16,36.4,35.53,35.53,35.85,0.31,0.8647,0.5385,2050227,73960025.7,13766112000.0,13766112000.0
2012-09-18,'002038,Ë«ðØÒ©Òµ,35.85,36.35,35.5,35.53,35.93,-0.08,-0.2227,0.2791,1062594,38218619.23,13648095000.0,13648095000.0
2012-09-17,'002038,Ë«ðØÒ©Òµ,35.93,36.46,35.82,36.13,36.14,-0.21,-0.5811,0.3458,1316586,47662287.92,13678551000.0,13678551000.0
2012-09-14,'002038,Ë«ðØÒ©Òµ,36.14,36.77,35.9,36.75,36.4,-0.26,-0.7143,0.2466,938849,33952871.85,13758498000.0,13758498000.0
2012-09-13,'002038,Ë«ðØÒ©Òµ,36.4,36.69,35.73,35.73,36.08,0.32,0.8869,0.343,1305611,47528586.69,13857480000.0,13857480000.0
2012-09-12,'002038,Ë«ðØÒ©Òµ,36.08,36.75,35.5,36.55,36.36,-0.28,-0.7701,0.3376,1285310,46356490.28,13735656000.0,13735656000.0
2012-09-11,'002038,Ë«ðØÒ©Òµ,36.36,36.38,35.16,35.3,35.51,0.85,2.3937,0.4366,1662009,59225905.9,13842252000.0,13842252000.0
2012-09-10,'002038,Ë«ðØÒ©Òµ,35.51,35.85,34.51,35.22,35.32,0.19,0.5379,0.3338,1270641,44464307.11,13518657000.0,13518657000.0
2012-09-07,'002038,Ë«ðØÒ©Òµ,35.32,36.0,34.39,34.8,34.45,0.87,2.5254,0.5545,2111016,74427990.79,13446324000.0,13446324000.0
2012-09-06,'002038,Ë«ðØÒ©Òµ,34.45,34.58,33.93,34.2,34.15,0.3,0.8785,0.3406,1296777,44383412.77,13115115000.0,13115115000.0
2012-09-05,'002038,Ë«ðØÒ©Òµ,34.15,34.68,33.76,34.39,34.75,-0.6,-1.7266,0.5519,2101261,71611724.84,13000905000.0,13000905000.0
2012-09-04,'002038,Ë«ðØÒ©Òµ,34.75,35.83,34.11,35.22,35.51,-0.76,-2.1402,0.4702,1790206,62399895.45,13229325000.0,13229325000.0
2012-09-03,'002038,Ë«ðØÒ©Òµ,35.51,35.54,34.03,34.34,34.56,0.95,2.7488,0.4616,1757242,61531459.39,13518657000.0,13518657000.0
2012-08-31,'002038,Ë«ðØÒ©Òµ,34.56,34.83,33.33,34.05,34.4,0.16,0.4651,0.6587,2507535,84859226.35,13156992000.0,13156992000.0
2012-08-30,'002038,Ë«ðØÒ©Òµ,34.4,36.15,32.9,35.8,35.77,-1.37,-3.83,0.9422,3586927,122066496.84,13096080000.0,13096080000.0
2012-08-29,'002038,Ë«ðØÒ©Òµ,35.77,36.3,35.1,35.6,35.87,-0.1,-0.2788,0.2139,814359,29201809.92,13617639000.0,13617639000.0
2012-08-28,'002038,Ë«ðØÒ©Òµ,35.87,35.93,35.24,35.42,35.97,-0.1,-0.278,0.4661,1774293,62966452.1,13655709000.0,13655709000.0
2012-08-27,'002038,Ë«ðØÒ©Òµ,35.97,36.88,35.26,36.4,36.99,-1.02,-2.7575,0.6136,2336054,83667995.03,13693779000.0,13693779000.0
2012-08-24,'002038,Ë«ðØÒ©Òµ,36.99,37.58,36.4,37.03,37.58,-0.59,-1.57,0.3642,1386670,51034772.72,14082093000.0,14082093000.0
2012-08-23,'002038,Ë«ðØÒ©Òµ,37.58,38.05,36.88,37.56,37.52,0.06,0.1599,0.3752,1428359,53673161.47,14306706000.0,14306706000.0
2012-08-22,'002038,Ë«ðØÒ©Òµ,37.52,38.1,36.63,36.96,36.98,0.54,1.4602,0.673,2562011,96578520.51,14283864000.0,14283864000.0
2012-08-21,'002038,Ë«ðØÒ©Òµ,36.98,37.3,36.05,36.05,36.11,0.87,2.4093,0.696,2649539,97889520.34,14078286000.0,14078286000.0
2012-08-20,'002038,Ë«ðØÒ©Òµ,36.11,36.23,35.03,35.7,36.24,-0.13,-0.3587,0.6087,2317230,83057231.81,13747077000.0,13747077000.0
2012-08-17,'002038,Ë«ðØÒ©Òµ,36.24,36.8,36.0,36.5,36.54,-0.3,-0.821,0.2918,1110879,40259151.22,13796568000.0,13796568000.0
2012-08-16,'002038,Ë«ðØÒ©Òµ,36.54,36.98,35.91,36.69,36.8,-0.26,-0.7065,0.3613,1375300,49749401.99,13910778000.0,13910778000.0
2012-08-15,'002038,Ë«ðØÒ©Òµ,36.8,37.66,35.86,36.37,36.38,0.42,1.1545,0.4325,1646353,60750632.63,14009760000.0,14009760000.0
2012-08-14,'002038,Ë«ðØÒ©Òµ,36.38,36.5,35.51,36.3,36.3,0.08,0.2204,0.3908,1487912,53617927.08,13849866000.0,13849866000.0
2012-08-13,'002038,Ë«ðØÒ©Òµ,36.3,37.38,36.3,36.7,36.7,-0.4,-1.0899,0.8608,3277073,120735564.34,13819410000.0,13819410000.0
2012-08-10,'002038,Ë«ðØÒ©Òµ,36.7,37.02,35.3,35.48,35.48,1.22,3.4386,0.8794,3347793,121159693.98,13971690000.0,13971690000.0
2012-08-09,'002038,Ë«ðØÒ©Òµ,35.48,35.5,33.83,34.0,34.1,1.38,4.0469,0.54,2055632,71956965.36,13507236000.0,13507236000.0
2012-08-08,'002038,Ë«ðØÒ©Òµ,34.1,34.6,33.81,34.6,34.6,-0.5,-1.4451,0.2524,960975,32744947.74,12981870000.0,12981870000.0
2012-08-07,'002038,Ë«ðØÒ©Òµ,34.6,34.61,34.11,34.58,34.6,0.0,0.0,0.7689,2927058,100582070.65,13172220000.0,13172220000.0
2012-08-06,'002038,Ë«ðØÒ©Òµ,34.6,34.89,34.01,34.49,34.55,0.05,0.1447,1.3403,5102615,176000339.8,13172220000.0,13172220000.0
2012-08-03,'002038,Ë«ðØÒ©Òµ,34.55,34.6,33.45,33.61,33.62,0.93,2.7662,1.023,3894584,132056510.94,13153185000.0,13153185000.0
2012-08-02,'002038,Ë«ðØÒ©Òµ,33.62,34.1,32.5,32.69,32.78,0.84,2.5625,0.7252,2760972,92414081.22,12799134000.0,12799134000.0
2012-08-01,'002038,Ë«ðØÒ©Òµ,32.78,32.79,31.8,31.98,32.0,0.78,2.4375,0.3127,1190581,38739850.38,12479346000.0,12479346000.0
2012-07-31,'002038,Ë«ðØÒ©Òµ,32.0,32.4,31.85,32.2,32.18,-0.18,-0.5594,0.1577,600228,19300176.77,12182400000.0,12182400000.0
2012-07-30,'002038,Ë«ðØÒ©Òµ,32.18,32.5,32.05,32.06,32.55,-0.37,-1.1367,0.8834,3363017,108395332.41,12250926000.0,12250926000.0
2012-07-27,'002038,Ë«ðØÒ©Òµ,32.55,33.9,32.2,33.9,34.35,-1.8,-5.2402,1.7558,6684293,219118346.01,12391785000.0,12391785000.0
2012-07-26,'002038,Ë«ðØÒ©Òµ,34.35,34.6,34.05,34.6,34.55,-0.2,-0.5789,0.6186,2355113,80941722.19,13077045000.0,13077045000.0
2012-07-25,'002038,Ë«ðØÒ©Òµ,34.55,34.73,33.47,33.62,33.79,0.76,2.2492,0.547,2082277,71632021.45,13153185000.0,13153185000.0
2012-07-24,'002038,Ë«ðØÒ©Òµ,33.79,33.8,32.81,33.0,33.1,0.69,2.0846,0.6925,2636290,87709487.22,12863853000.0,12863853000.0
2012-07-23,'002038,Ë«ðØÒ©Òµ,33.1,33.75,32.8,33.26,33.27,-0.17,-0.511,0.9033,3438834,113633836.26,12601170000.0,12601170000.0
2012-07-20,'002038,Ë«ðØÒ©Òµ,33.27,33.78,31.92,31.92,31.89,1.38,4.3274,1.5573,5928757,196899708.65,12665889000.0,12665889000.0
2012-07-19,'002038,Ë«ðØÒ©Òµ,32.09,32.46,31.3,31.99,32.0,0.09,0.2813,0.9377,3537514,112618688.77,12216663000.0,12105759960.0
2012-07-18,'002038,Ë«ðØÒ©Òµ,32.0,33.0,31.0,32.33,32.65,-0.65,-1.9908,0.8018,3024781,96028353.53,12182400000.0,12071808000.0
2012-07-17,'002038,Ë«ðØÒ©Òµ,32.65,32.73,31.0,32.28,32.65,0.0,0.0,0.5826,2197996,69914542.14,12429855000.0,12317016600.0
2012-07-16,'002038,Ë«ðØÒ©Òµ,32.65,33.99,32.6,33.78,33.79,-1.14,-3.3738,0.5153,1943803,64545756.45,12429855000.0,12317016600.0
2012-07-13,'002038,Ë«ðØÒ©Òµ,33.79,34.1,32.84,33.46,33.15,0.64,1.9306,0.479,1807058,60950873.26,12863853000.0,12747074760.0
2012-07-12,'002038,Ë«ðØÒ©Òµ,33.15,34.2,32.54,32.7,32.9,0.25,0.7599,0.8256,3114415,104632895.6,12620205000.0,12505638600.0
2012-07-11,'002038,Ë«ðØÒ©Òµ,32.9,33.03,31.73,31.73,32.0,0.9,2.8125,0.4771,1799806,58569536.69,12525030000.0,12411327600.0
2012-07-10,'002038,Ë«ðØÒ©Òµ,32.0,32.39,31.52,32.39,32.5,-0.5,-1.5385,0.4961,1871690,59673627.11,12182400000.0,12071808000.0
2012-07-09,'002038,Ë«ðØÒ©Òµ,32.5,33.33,32.2,32.78,32.86,-0.36,-1.0956,0.432,1629721,53552306.83,12372750000.0,12260430000.0
2012-07-06,'002038,Ë«ðØÒ©Òµ,32.86,33.26,31.71,32.32,32.15,0.71,2.2084,0.4465,1684274,54860688.12,12509802000.0,12396237840.0
2012-07-05,'002038,Ë«ðØÒ©Òµ,32.15,32.48,31.63,32.48,32.7,-0.55,-1.682,0.5532,2087074,66714181.01,12239505000.0,12128394600.0
2012-07-04,'002038,Ë«ðØÒ©Òµ,32.7,32.95,31.2,32.0,32.17,0.53,1.6475,0.7717,2911332,93189359.39,12448890000.0,12335878800.0
2012-07-03,'002038,Ë«ðØÒ©Òµ,32.17,33.2,31.88,32.75,32.73,-0.56,-1.711,0.7532,2841568,92561870.62,12247119000.0,12135939480.0
2012-07-02,'002038,Ë«ðØÒ©Òµ,32.73,32.99,31.72,32.2,32.2,0.53,1.646,0.7669,2893003,93048612.71,12460311000.0,12347196120.0
2012-06-29,'002038,Ë«ðØÒ©Òµ,32.2,32.68,31.48,31.48,31.61,0.59,1.8665,0.8244,3110049,100052382.64,12258540000.0,12147256800.0
2012-06-28,'002038,Ë«ðØÒ©Òµ,31.61,31.63,30.66,30.66,30.56,1.05,3.4359,0.9948,3752920,117689802.55,12033927000.0,11924682840.0
2012-06-27,'002038,Ë«ðØÒ©Òµ,30.56,31.2,30.13,30.4,30.46,0.1,0.3283,0.7801,2942945,90902198.86,11634192000.0,11528576640.0
2012-06-26,'002038,Ë«ðØÒ©Òµ,30.46,30.98,30.13,30.49,30.49,-0.03,-0.0984,0.5882,2218789,67726022.96,11596122000.0,11490852240.0
2012-06-25,'002038,Ë«ðØÒ©Òµ,30.49,31.7,29.51,29.68,29.7,0.79,2.6599,1.4723,5554320,171374774.35,11607543000.0,11502169560.0
2012-06-21,'002038,Ë«ðØÒ©Òµ,29.7,30.03,29.25,29.58,29.88,-0.18,-0.6024,0.4419,1667180,49222804.56,11306790000.0,11204146800.0
2012-06-20,'002038,Ë«ðØÒ©Òµ,29.88,30.58,29.65,30.41,30.39,-0.51,-1.6782,0.7063,2664289,79540084.99,11375316000.0,11272050720.0
2012-06-19,'002038,Ë«ðØÒ©Òµ,30.39,30.95,29.88,30.11,30.39,0.0,0.0,0.9054,3415657,104005683.61,11569473000.0,11464445160.0
2012-06-18,'002038,Ë«ðØÒ©Òµ,30.39,30.92,30.01,30.8,30.71,-0.32,-1.042,0.9436,3559801,108812710.67,11569473000.0,11464445160.0
2012-06-15,'002038,Ë«ðØÒ©Òµ,30.71,30.8,30.01,30.27,30.26,0.45,1.4871,0.6515,2457696,74864685.98,11691297000.0,11585163240.0
2012-06-14,'002038,Ë«ðØÒ©Òµ,30.26,30.57,30.1,30.2,30.22,0.04,0.1324,0.807,3044351,92480147.67,11519982000.0,11415403440.0
2012-06-13,'002038,Ë«ðØÒ©Òµ,30.22,30.27,29.8,29.82,29.82,0.4,1.3414,0.8622,3252773,97779073.21,11504754000.0,11400313680.0
2012-06-12,'002038,Ë«ðØÒ©Òµ,29.82,29.92,29.1,29.45,29.56,0.26,0.8796,0.6006,2265630,67271640.09,11352474000.0,11249416080.0
2012-06-11,'002038,Ë«ðØÒ©Òµ,29.56,29.88,28.88,28.88,28.94,0.62,2.1424,0.7436,2805252,82615054.26,11253492000.0,11151332640.0
2012-06-08,'002038,Ë«ðØÒ©Òµ,28.94,29.18,28.21,28.61,28.54,0.4,1.4015,0.7027,2650946,76499934.66,11017458000.0,10917441360.0
2012-06-07,'002038,Ë«ðØÒ©Òµ,28.54,28.76,28.18,28.7,28.44,0.1,0.3516,0.6079,2293113,65119050.38,10865178000.0,10766543760.0
2012-06-06,'002038,Ë«ðØÒ©Òµ,28.44,29.17,28.36,29.03,28.84,-0.4,-1.387,0.6113,2306114,66266585.48,10827108000.0,10728819360.0
2012-06-05,'002038,Ë«ðØÒ©Òµ,28.84,29.95,28.56,28.58,28.41,0.43,1.5136,1.947,7344776,215271475.55,10979388000.0,10879716960.0
2012-06-04,'002038,Ë«ðØÒ©Òµ,28.41,29.16,27.7,27.91,28.3,0.11,0.3887,2.2216,8380951,240838782.48,10815687000.0,10717502040.0
2012-06-01,'002038,Ë«ðØÒ©Òµ,28.3,28.38,27.91,28.05,28.1,0.2,0.7117,0.6986,2635562,74196012.68,10773810000.0,10676005200.0
2012-05-31,'002038,Ë«ðØÒ©Òµ,28.1,28.15,27.08,27.25,27.34,0.76,2.7798,0.8906,3359883,93732778.03,10697670000.0,10600556400.0
2012-05-30,'002038,Ë«ðØÒ©Òµ,27.34,27.54,27.19,27.42,27.41,-0.07,-0.2554,0.5121,1932034,52846523.65,10408338000.0,10313850960.0
2012-05-29,'002038,Ë«ðØÒ©Òµ,27.41,27.54,26.71,27.17,27.18,0.23,0.8462,0.5366,2024388,55141412.7,10434987000.0,10340258040.0
2012-05-28,'002038,Ë«ðØÒ©Òµ,27.18,27.18,26.4,26.62,26.86,0.32,1.1914,0.3083,1163160,31322333.4,10347426000.0,10253491920.0
2012-05-25,'002038,Ë«ðØÒ©Òµ,26.86,27.28,26.68,27.09,27.0,-0.14,-0.5185,0.276,1041071,28034193.15,10225602000.0,10132773840.0
2012-05-24,'002038,Ë«ðØÒ©Òµ,27.0,27.63,26.85,27.35,27.5,-0.5,-1.8182,0.4039,1523766,41333025.41,10278900000.0,10185588000.0
2012-05-23,'002038,Ë«ðØÒ©Òµ,0.0,0.0,0.0,0.0,27.5,None,None,0.0,0,0.0,10469250000.0,10374210000.0
2012-05-22,'002038,Ë«ðØÒ©Òµ,27.5,27.5,26.9,26.9,26.9,0.6,2.2305,0.3768,1421459,38905891.04,10469250000.0,10374210000.0
2012-05-21,'002038,Ë«ðØÒ©Òµ,26.9,27.16,26.6,26.6,26.6,0.3,1.1278,0.4699,1772696,47632143.83,10240830000.0,10147863600.0
2012-05-18,'002038,Ë«ðØÒ©Òµ,26.6,27.31,26.47,27.2,27.22,-0.62,-2.2777,0.4066,1533808,41114970.22,10126620000.0,10034690400.0
2012-05-17,'002038,Ë«ðØÒ©Òµ,27.22,27.6,26.77,27.31,27.31,-0.09,-0.3295,0.6706,2529901,68870386.29,10362654000.0,10268581680.0
2012-05-16,'002038,Ë«ðØÒ©Òµ,27.31,28.18,27.28,28.07,28.08,-0.77,-2.7422,0.4899,1848205,51233951.2,10396917000.0,10302533640.0
2012-05-15,'002038,Ë«ðØÒ©Òµ,28.08,28.45,27.8,28.29,28.45,-0.37,-1.3005,0.7721,2912823,81918591.32,10690056000.0,10593011520.0
2012-05-14,'002038,Ë«ðØÒ©Òµ,28.45,29.19,28.12,28.5,28.3,0.15,0.53,1.3522,5100934,146152901.09,10830915000.0,10732591800.0
2012-05-11,'002038,Ë«ðØÒ©Òµ,28.3,28.45,27.61,27.75,27.84,0.46,1.6523,0.8506,3208657,90112967.28,10773810000.0,10676005200.0
2012-05-10,'002038,Ë«ðØÒ©Òµ,27.84,28.42,27.38,27.4,27.55,0.29,1.0526,1.0432,3935536,110165708.52,10598688000.0,10502472960.0
2012-05-09,'002038,Ë«ðØÒ©Òµ,27.55,28.3,27.51,28.3,28.47,-0.92,-3.2315,0.7163,2702174,74984056.96,10488285000.0,10393072200.0
2012-05-08,'002038,Ë«ðØÒ©Òµ,28.47,28.61,28.06,28.3,28.54,-0.07,-0.2453,0.9203,3471767,98490513.82,10838529000.0,10740136680.0
2012-05-07,'002038,Ë«ðØÒ©Òµ,28.54,28.57,27.65,27.7,27.86,0.68,2.4408,1.7755,6697789,189577719.62,10865178000.0,10766543760.0
2012-05-04,'002038,Ë«ðØÒ©Òµ,27.86,28.05,27.31,27.41,27.5,0.36,1.3091,1.1291,4259367,118349454.47,10606302000.0,10510017840.0
2012-05-03,'002038,Ë«ðØÒ©Òµ,27.5,28.1,26.65,26.65,26.61,0.89,3.3446,1.3961,5266709,145266402.95,10469250000.0,10374210000.0
2012-05-02,'002038,Ë«ðØÒ©Òµ,26.61,26.86,26.21,26.27,25.97,0.64,2.4644,1.063,4009955,106677975.71,10130427000.0,10038462840.0
2012-04-27,'002038,Ë«ðØÒ©Òµ,25.97,26.15,25.55,25.77,25.84,0.13,0.5031,0.6092,2298114,59317647.2,9886779000.0,9797026680.0
2012-04-26,'002038,Ë«ðØÒ©Òµ,25.84,26.54,25.8,26.28,26.28,-0.44,-1.6743,0.7371,2780728,72274413.01,9837288000.0,9747984960.0
2012-04-25,'002038,Ë«ðØÒ©Òµ,26.28,26.63,26.23,26.5,26.72,-0.44,-1.6467,0.7293,2751324,72465074.71,10004796000.0,9913972320.0
2012-04-24,'002038,Ë«ðØÒ©Òµ,26.72,27.25,26.3,26.85,27.06,-0.34,-1.2565,0.7,2640651,70609450.23,10172304000.0,10079959680.0
2012-04-23,'002038,Ë«ðØÒ©Òµ,27.06,27.41,26.67,26.8,26.88,0.18,0.6696,1.0864,4098250,110957694.86,10301742000.0,10208222640.0
2012-04-20,'002038,Ë«ðØÒ©Òµ,26.88,26.99,26.55,26.72,26.78,0.1,0.3734,0.9371,2928724,78604193.8,10233216000.0,8400641679.36
2012-04-19,'002038,Ë«ðØÒ©Òµ,26.78,27.2,26.63,27.05,26.63,0.15,0.5633,1.2714,3973513,106794549.4,10195146000.0,8369389292.16
2012-04-18,'002038,Ë«ðØÒ©Òµ,0.0,0.0,0.0,0.0,26.63,None,None,0.0,0,0.0,10138041000.0,8322510711.36
2012-04-17,'002038,Ë«ðØÒ©Òµ,26.63,27.1,26.25,26.35,26.36,0.27,1.0243,1.0713,3347990,89405290.68,10138041000.0,8322510711.36
2012-04-16,'002038,Ë«ðØÒ©Òµ,26.36,26.53,26.1,26.37,26.59,-0.23,-0.865,0.6883,2151163,56525903.62,10035252000.0,8238129265.92
2012-04-13,'002038,Ë«ðØÒ©Òµ,26.59,26.71,26.38,26.38,26.34,0.25,0.9491,1.1822,3694516,98077760.96,10122813000.0,8310009756.48
2012-04-12,'002038,Ë«ðØÒ©Òµ,26.34,26.39,25.68,25.87,25.78,0.56,2.1722,1.3875,4336353,113012877.13,10027638000.0,8231878788.48
2012-04-11,'002038,Ë«ðØÒ©Òµ,25.78,26.12,25.53,25.8,26.0,-0.22,-0.8462,0.965,3015963,77907782.5,9814446000.0,8056865420.16
2012-04-10,'002038,Ë«ðØÒ©Òµ,26.0,26.11,25.35,26.0,26.08,-0.08,-0.3067,1.4084,4401655,113582418.52,9898200000.0,8125620672.0
2012-04-09,'002038,Ë«ðØÒ©Òµ,26.08,26.8,26.0,26.8,26.92,-0.84,-3.1204,0.8832,2760242,73022711.21,9928656000.0,8150622581.76
2012-04-06,'002038,Ë«ðØÒ©Òµ,26.92,27.25,26.88,27.25,27.27,-0.35,-1.2835,1.0726,3352068,90582821.36,10248444000.0,8413142634.24
2012-04-05,'002038,Ë«ðØÒ©Òµ,27.27,27.47,26.5,26.53,26.56,0.71,2.6732,1.3234,4135996,111053724.93,10381689000.0,8522525989.44
2012-03-30,'002038,Ë«ðØÒ©Òµ,26.56,26.96,26.32,26.6,26.68,-0.12,-0.4498,0.4721,1475454,39101308.36,10111392000.0,8300634040.32
2012-03-29,'002038,Ë«ðØÒ©Òµ,26.68,27.18,26.41,26.67,26.94,-0.26,-0.9651,0.5996,1873970,50205280.64,10157076000.0,8338136904.96
2012-03-28,'002038,Ë«ðØÒ©Òµ,26.94,27.69,26.7,27.46,27.73,-0.79,-2.8489,1.1999,3750008,101468152.73,10256058000.0,8419393111.68
2012-03-27,'002038,Ë«ðØÒ©Òµ,27.73,28.76,27.7,28.3,28.11,-0.38,-1.3518,0.9859,3081155,87232989.1,10556811000.0,8666286970.56
2012-03-26,'002038,Ë«ðØÒ©Òµ,28.11,28.37,27.92,28.08,28.08,0.03,0.1068,0.5404,1688825,47443653.81,10701477000.0,8785046041.92
2012-03-23,'002038,Ë«ðØÒ©Òµ,28.08,28.82,27.91,28.81,28.81,-0.73,-2.5338,1.0243,3201218,90806731.18,10690056000.0,8775670325.76
2012-03-22,'002038,Ë«ðØÒ©Òµ,28.81,29.27,28.52,28.7,28.79,0.02,0.0695,1.0466,3270765,94719431.95,10967967000.0,9003812752.32
2012-03-21,'002038,Ë«ðØÒ©Òµ,28.79,29.45,28.31,29.2,29.05,-0.26,-0.895,1.1584,3620188,104210744.67,10960353000.0,8997562274.88
2012-03-20,'002038,Ë«ðØÒ©Òµ,29.05,29.9,28.83,29.9,29.99,-0.94,-3.1344,1.6687,5215145,152450879.97,11059335000.0,9078818481.6
2012-03-19,'002038,Ë«ðØÒ©Òµ,29.99,30.31,29.7,30.31,30.26,-0.27,-0.8923,2.4138,7543637,226123288.62,11417193000.0,9372590921.28
2012-03-16,'002038,Ë«ðØÒ©Òµ,30.26,30.28,28.62,28.62,28.47,1.79,6.2873,4.3472,13585949,403644717.89,11519982000.0,9456972366.72
2012-03-15,'002038,Ë«ðØÒ©Òµ,28.47,28.61,27.3,27.63,27.7,0.77,2.7798,2.5949,8109761,228101462.99,10838529000.0,8897554635.84
2012-03-14,'002038,Ë«ðØÒ©Òµ,27.7,28.79,27.22,28.7,28.46,-0.76,-2.6704,2.6033,8135841,229277816.33,10545390000.0,8656911254.4
2012-03-13,'002038,Ë«ðØÒ©Òµ,28.46,28.65,28.21,28.31,28.24,0.22,0.779,2.1624,6757983,191912595.19,10834722000.0,8894429397.12
2012-03-12,'002038,Ë«ðØÒ©Òµ,28.24,28.4,27.85,27.96,27.77,0.47,1.6925,2.8981,9057345,254590350.95,10750968000.0,8825674145.28
2012-03-09,'002038,Ë«ðØÒ©Òµ,27.77,27.91,26.89,27.12,26.99,0.78,2.89,2.3857,7455748,204704121.67,10572039000.0,8678787925.44
2012-03-08,'002038,Ë«ðØÒ©Òµ,26.99,27.07,26.8,27.0,26.81,0.18,0.6714,1.28,4000452,107811313.6,10275093000.0,8435019305.28
2012-03-07,'002038,Ë«ðØÒ©Òµ,26.81,27.3,26.65,26.95,27.19,-0.38,-1.3976,1.6354,5111074,137500672.39,10206567000.0,8378765008.32
2012-03-06,'002038,Ë«ðØÒ©Òµ,27.19,27.84,27.16,27.81,27.84,-0.65,-2.3348,1.504,4700434,128483367.65,10351233000.0,8497524079.68
2012-03-05,'002038,Ë«ðØÒ©Òµ,27.84,28.21,27.83,28.09,28.0,-0.16,-0.5714,1.4835,4636377,130258113.83,10598688000.0,8700664596.48
2012-03-02,'002038,Ë«ðØÒ©Òµ,28.0,28.01,27.67,27.76,27.73,0.27,0.9737,1.3105,4095779,114218530.2,10659600000.0,8750668416.0
2012-03-01,'002038,Ë«ðØÒ©Òµ,27.73,28.12,27.52,27.96,28.0,-0.27,-0.9643,1.5514,4848422,134457696.4,10556811000.0,8666286970.56
2012-02-29,'002038,Ë«ðØÒ©Òµ,28.0,28.48,27.95,28.05,28.21,-0.21,-0.7444,1.0275,3211296,90429872.74,10659600000.0,8750668416.0
2012-02-28,'002038,Ë«ðØÒ©Òµ,28.21,28.68,27.97,28.51,28.6,-0.39,-1.3636,1.2637,3949214,111590300.6,10739547000.0,8816298429.12
2012-02-27,'002038,Ë«ðØÒ©Òµ,28.6,29.16,28.31,28.76,28.61,-0.01,-0.035,2.1827,6821538,195634612.45,10888020000.0,8938182739.2
2012-02-24,'002038,Ë«ðØÒ©Òµ,28.61,28.77,28.2,28.31,28.3,0.31,1.0954,1.6798,5249720,149364492.02,10891827000.0,8941307977.92
2012-02-23,'002038,Ë«ðØÒ©Òµ,28.3,28.55,28.11,28.15,28.06,0.24,0.8553,1.5917,4974440,140569152.1,10773810000.0,8844425577.6
2012-02-22,'002038,Ë«ðØÒ©Òµ,28.06,28.2,27.48,27.85,27.71,0.35,1.2631,1.4991,4684991,130605464.27,10682442000.0,8769419848.32
2012-02-21,'002038,Ë«ðØÒ©Òµ,27.71,27.8,27.25,27.48,27.44,0.27,0.984,0.633,1978345,54409543.07,10549197000.0,8660036493.12
2012-02-20,'002038,Ë«ðØÒ©Òµ,27.44,28.15,27.35,27.91,27.62,-0.18,-0.6517,0.8505,2658108,73720713.35,10446408000.0,8575655047.68
2012-02-17,'002038,Ë«ðØÒ©Òµ,27.62,28.25,27.35,28.25,28.02,-0.4,-1.4276,0.7362,2300819,63649749.09,10514934000.0,8631909344.64
2012-02-16,'002038,Ë«ðØÒ©Òµ,28.02,28.28,27.88,27.95,28.0,0.02,0.0714,1.0011,3128831,87832485.19,10667214000.0,8756918893.44
2012-02-15,'002038,Ë«ðØÒ©Òµ,28.0,28.1,27.53,27.8,27.9,0.1,0.3584,1.0513,3285490,91299000.01,10659600000.0,8750668416.0
2012-02-14,'002038,Ë«ðØÒ©Òµ,27.9,28.18,27.73,27.92,27.92,-0.02,-0.0716,0.5389,1684237,47024859.11,10621530000.0,8719416028.8
2012-02-13,'002038,Ë«ðØÒ©Òµ,27.92,28.18,27.21,27.5,27.57,0.35,1.2695,1.0197,3186884,88895090.15,10629144000.0,8725666506.24
2012-02-10,'002038,Ë«ðØÒ©Òµ,27.57,28.15,27.38,27.7,27.72,-0.15,-0.5411,0.5534,1729648,47966685.03,10495899000.0,8616283151.04
2012-02-09,'002038,Ë«ðØÒ©Òµ,27.72,27.92,27.4,27.51,27.5,0.22,0.8,0.579,1809605,50148878.51,10553004000.0,8663161731.84
2012-02-08,'002038,Ë«ðØÒ©Òµ,27.5,27.68,27.0,27.05,27.05,0.45,1.6636,0.5862,1832034,50183965.32,10469250000.0,8594406480.0
2012-02-07,'002038,Ë«ðØÒ©Òµ,27.05,27.51,26.9,27.38,27.46,-0.41,-1.4931,0.6315,1973675,53705680.25,10297935000.0,8453770737.6
2012-02-06,'002038,Ë«ðØÒ©Òµ,27.46,27.68,27.21,27.38,27.2,0.26,0.9559,0.9824,3070250,84417063.58,10454022000.0,8581905525.12
2012-02-03,'002038,Ë«ðØÒ©Òµ,27.2,27.48,26.41,26.59,26.45,0.75,2.8355,1.249,3903449,105358431.91,10355040000.0,8500649318.4
2012-02-02,'002038,Ë«ðØÒ©Òµ,26.45,26.49,26.14,26.29,26.33,0.12,0.4558,0.6296,1967681,51792489.88,10069515000.0,8266256414.4
2012-02-01,'002038,Ë«ðØÒ©Òµ,26.33,26.89,26.3,26.74,26.74,-0.41,-1.5333,0.5476,1711403,45467621.34,10023831000.0,8228753549.76
2012-01-31,'002038,Ë«ðØÒ©Òµ,26.74,26.79,26.42,26.6,26.6,0.14,0.5263,0.3545,1107754,29417403.61,10179918000.0,8356888337.28
2012-01-30,'002038,Ë«ðØÒ©Òµ,26.6,27.1,26.3,26.95,26.66,-0.06,-0.2251,0.9687,3027406,80936111.49,10126620000.0,8313134995.2
2012-01-20,'002038,Ë«ðØÒ©Òµ,26.66,26.68,25.8,25.8,25.6,1.06,4.1406,1.5848,4952896,129890468.21,10149462000.0,8331886427.52
2012-01-19,'002038,Ë«ðØÒ©Òµ,25.6,25.95,25.1,25.49,25.53,0.07,0.2742,0.901,2815918,72107147.5,9745920000.0,8000611123.2
2012-01-18,'002038,Ë«ðØÒ©Òµ,25.53,26.28,25.31,26.28,26.18,-0.65,-2.4828,1.1891,3716322,95541823.38,9719271000.0,7978734452.16
2012-01-17,'002038,Ë«ðØÒ©Òµ,26.18,26.4,25.01,25.08,25.32,0.86,3.3965,1.4533,4541941,116753327.57,9966726000.0,8181874968.96
2012-01-16,'002038,Ë«ðØÒ©Òµ,25.32,26.24,25.21,26.24,26.55,-1.23,-4.6328,0.924,2887593,74076673.75,9639324000.0,7913104439.04
2012-01-13,'002038,Ë«ðØÒ©Òµ,26.55,26.68,25.51,26.17,26.4,0.15,0.5682,1.8456,5767821,150604735.17,10107585000.0,8297508801.6
2012-01-12,'002038,Ë«ðØÒ©Òµ,26.4,28.8,25.97,28.8,28.86,-2.46,-8.5239,2.2166,6927306,188091982.89,10050480000.0,8250630220.8
2012-01-11,'002038,Ë«ðØÒ©Òµ,28.86,29.3,28.71,29.3,29.33,-0.47,-1.6025,0.6946,2170724,62875926.66,10987002000.0,9019438945.92
2012-01-10,'002038,Ë«ðØÒ©Òµ,29.33,29.35,28.0,28.2,28.45,0.88,3.0931,1.2741,3981831,114222532.23,11165931000.0,9166325165.76
2012-01-09,'002038,Ë«ðØÒ©Òµ,28.45,28.45,26.94,28.31,28.42,0.03,0.1056,1.1207,3502468,96893582.33,10830915000.0,8891304158.4
2012-01-06,'002038,Ë«ðØÒ©Òµ,28.42,30.0,26.89,29.46,29.88,-1.46,-4.8862,1.8628,5821702,162099432.78,10819494000.0,8881928442.24
2012-01-05,'002038,Ë«ðØÒ©Òµ,29.88,30.95,29.47,30.95,31.1,-1.22,-3.9228,0.8434,2635892,78959479.72,11375316000.0,9338213295.36
2012-01-04,'002038,Ë«ðØÒ©Òµ,31.1,32.81,31.1,32.5,32.85,-1.75,-5.3272,0.8492,2653993,85350301.74,11839770000.0,9719492419.2
2011-12-30,'002038,Ë«ðØÒ©Òµ,32.85,32.88,31.81,32.45,32.98,-0.13,-0.3942,1.1624,3632823,117676492.63,12505995000.0,10266409195.2
2011-12-29,'002038,Ë«ðØÒ©Òµ,32.98,32.98,31.6,31.61,32.0,0.98,3.0625,0.5664,1770003,56703201.3,12555486000.0,10307037298.6
2011-12-28,'002038,Ë«ðØÒ©Òµ,32.0,32.36,31.1,32.16,32.2,-0.2,-0.6211,0.3547,1108479,34963784.17,12182400000.0,10000763904.0
2011-12-27,'002038,Ë«ðØÒ©Òµ,32.2,32.83,31.68,32.83,32.74,-0.54,-1.6494,0.4775,1492399,48105546.57,12258540000.0,10063268678.4
2011-12-26,'002038,Ë«ðØÒ©Òµ,32.74,33.2,32.49,32.68,32.7,0.04,0.1223,0.2835,885931,29099228.43,12464118000.0,10232031569.3
2011-12-23,'002038,Ë«ðØÒ©Òµ,32.7,33.5,32.65,33.48,33.28,-0.58,-1.7428,0.5568,1740126,57674892.08,12448890000.0,10219530614.4
2011-12-22,'002038,Ë«ðØÒ©Òµ,33.28,33.65,32.7,33.26,33.26,0.02,0.0601,0.2316,723753,24060640.63,12669696000.0,10400794460.2
2011-12-21,'002038,Ë«ðØÒ©Òµ,33.26,34.99,33.1,34.25,34.5,-1.24,-3.5942,0.2884,901205,30881720.87,12662082000.0,10394543982.7
2011-12-20,'002038,Ë«ðØÒ©Òµ,34.5,34.85,33.85,33.85,34.05,0.45,1.3216,0.3293,1029245,35542590.55,13134150000.0,10782073584.0
2011-12-19,'002038,Ë«ðØÒ©Òµ,34.05,34.1,33.05,33.49,33.5,0.55,1.6418,0.2359,737119,24721346.8,12962835000.0,10641437841.6
2011-12-16,'002038,Ë«ðØÒ©Òµ,33.5,33.5,32.61,32.61,32.71,0.79,2.4152,0.329,1028295,34096180.18,12753450000.0,10469549712.0
2011-12-15,'002038,Ë«ðØÒ©Òµ,32.71,33.48,32.51,33.0,33.26,-0.55,-1.6536,0.2747,858558,28249565.67,12452697000.0,10222655853.1
2011-12-14,'002038,Ë«ðØÒ©Òµ,33.26,34.45,33.2,33.93,34.1,-0.84,-2.4633,0.2132,666288,22512942.05,12662082000.0,10394543982.7
2011-12-13,'002038,Ë«ðØÒ©Òµ,34.1,34.95,34.1,34.55,34.97,-0.87,-2.4878,0.3328,1040147,35927763.71,12981870000.0,10657064035.2
2011-12-12,'002038,Ë«ðØÒ©Òµ,34.97,35.19,34.45,34.77,34.75,0.22,0.6331,0.3329,1040463,36326815.11,13313079000.0,10928959803.8
2011-12-09,'002038,Ë«ðØÒ©Òµ,34.75,34.75,33.72,34.1,34.5,0.25,0.7246,0.2285,714068,24534523.15,13229325000.0,10860204552.0
2011-12-08,'002038,Ë«ðØÒ©Òµ,34.5,34.55,33.56,33.73,34.2,0.3,0.8772,0.2556,798955,27333041.44,13134150000.0,10782073584.0
2011-12-07,'002038,Ë«ðØÒ©Òµ,34.2,34.24,33.6,33.8,34.0,0.2,0.5882,0.1838,574556,19538871.57,13019940000.0,10688316422.4
2011-12-06,'002038,Ë«ðØÒ©Òµ,34.0,34.32,33.16,34.15,34.18,-0.18,-0.5266,0.3552,1110013,37446203.25,12943800000.0,10625811648.0
2011-12-05,'002038,Ë«ðØÒ©Òµ,34.18,35.0,34.03,34.46,34.9,-0.72,-2.063,0.4619,1443535,49766711.08,13012326000.0,10682065945.0
2011-12-02,'002038,Ë«ðØÒ©Òµ,34.9,35.47,34.45,35.47,35.45,-0.55,-1.5515,0.841,2628262,91946981.1,13286430000.0,10907083132.8
2011-12-01,'002038,Ë«ðØÒ©Òµ,35.45,35.49,34.1,34.62,34.1,1.35,3.9589,1.5622,4882394,170992179.01,13495815000.0,11078971262.4
2011-11-30,'002038,Ë«ðØÒ©Òµ,34.1,35.0,32.92,34.6,34.42,-0.32,-0.9297,0.8752,2735147,92586640.74,12981870000.0,10657064035.2
2011-11-29,'002038,Ë«ðØÒ©Òµ,34.42,34.62,33.69,33.69,33.44,0.98,2.9306,0.8323,2601233,89034697.47,13103694000.0,10757071674.2
2011-11-28,'002038,Ë«ðØÒ©Òµ,33.44,33.65,32.98,33.32,33.5,-0.06,-0.1791,0.2298,718189,23943371.93,12730608000.0,10450798279.7
2011-11-25,'002038,Ë«ðØÒ©Òµ,33.5,33.75,32.86,32.86,33.18,0.32,0.9644,0.5495,1717248,57318052.94,12753450000.0,10469549712.0
2011-11-24,'002038,Ë«ðØÒ©Òµ,33.18,33.5,32.48,32.48,33.0,0.18,0.5455,0.6429,2009311,66458297.56,12631626000.0,10369542073.0
2011-11-23,'002038,Ë«ðØÒ©Òµ,33.0,33.8,32.65,33.55,33.8,-0.8,-2.3669,0.5065,1582859,52293745.91,12563100000.0,10313287776.0
2011-11-22,'002038,Ë«ðØÒ©Òµ,33.8,34.1,33.47,33.81,34.4,-0.6,-1.7442,0.3082,963085,32510745.53,12867660000.0,10563306873.6
2011-11-21,'002038,Ë«ðØÒ©Òµ,34.4,34.58,33.91,34.56,34.69,-0.29,-0.836,0.348,1087650,37230728.82,13096080000.0,10750821196.8
2011-11-18,'002038,Ë«ðØÒ©Òµ,34.69,34.89,33.98,34.79,35.07,-0.38,-1.0835,0.2571,803520,27580223.99,13206483000.0,10841453119.7
2011-11-17,'002038,Ë«ðØÒ©Òµ,35.07,35.08,34.26,34.52,34.66,0.41,1.1829,0.2958,924412,32063239.4,13351149000.0,10960212191.0
2011-11-16,'002038,Ë«ðØÒ©Òµ,34.66,35.9,34.6,35.72,35.7,-1.04,-2.9132,0.3142,982015,34464726.79,13195062000.0,10832077403.5
2011-11-15,'002038,Ë«ðØÒ©Òµ,35.7,35.75,35.23,35.4,35.6,0.1,0.2809,0.3795,1186013,42220953.86,13590990000.0,11157102230.4
2011-11-14,'002038,Ë«ðØÒ©Òµ,35.6,36.11,35.22,35.22,35.34,0.26,0.7357,0.5512,1722641,61476613.33,13552920000.0,11125849843.2
2011-11-11,'002038,Ë«ðØÒ©Òµ,35.34,35.8,35.1,35.4,35.7,-0.36,-1.0084,0.1879,587105,20766696.54,13453938000.0,11044593636.5
2011-11-10,'002038,Ë«ðØÒ©Òµ,35.7,36.1,35.36,35.36,35.8,-0.1,-0.2793,0.3205,1001633,35916698.62,13590990000.0,11157102230.4
2011-11-09,'002038,Ë«ðØÒ©Òµ,35.8,35.81,34.68,35.31,35.51,0.29,0.8167,0.3602,1125690,39618888.26,13629060000.0,11188354617.6
2011-11-08,'002038,Ë«ðØÒ©Òµ,0.0,0.0,0.0,0.0,35.51,None,None,0.0,0,0.0,13518657000.0,11097722694.7
2011-11-07,'002038,Ë«ðØÒ©Òµ,35.51,35.88,35.0,35.0,35.28,0.23,0.6519,0.2201,687791,24405347.02,13518657000.0,11097722694.7
2011-11-04,'002038,Ë«ðØÒ©Òµ,35.28,35.73,35.03,35.03,35.05,0.23,0.6562,0.3062,956973,33858275.94,13431096000.0,11025842204.2
2011-11-03,'002038,Ë«ðØÒ©Òµ,35.05,36.06,34.68,34.88,34.88,0.17,0.4874,0.6347,1983480,70386367.17,13343535000.0,10953961713.6
2011-11-02,'002038,Ë«ðØÒ©Òµ,34.88,34.95,33.3,33.58,34.01,0.87,2.5581,0.6048,1890015,64618517.53,13278816000.0,10900832655.4
2011-11-01,'002038,Ë«ðØÒ©Òµ,34.01,34.63,33.82,34.08,34.11,-0.1,-0.2932,0.408,1275221,43722656.18,12947607000.0,10628936886.7
2011-10-31,'002038,Ë«ðØÒ©Òµ,34.11,34.41,33.83,33.9,34.02,0.09,0.2646,0.3979,1243490,42492620.25,12985677000.0,10660189273.9
2011-10-28,'002038,Ë«ðØÒ©Òµ,34.02,34.05,33.4,33.42,33.36,0.66,1.9784,0.8022,2507012,84679201.01,12951414000.0,10632062125.4
2011-10-27,'002038,Ë«ðØÒ©Òµ,33.36,34.1,33.03,33.3,32.8,0.56,1.7073,0.4856,1517714,50985273.53,12700152000.0,10425796369.9
2011-10-26,'002038,Ë«ðØÒ©Òµ,32.8,33.58,32.45,32.66,32.66,0.14,0.4287,0.4227,1321150,43502445.91,12486960000.0,10250783001.6
2011-10-25,'002038,Ë«ðØÒ©Òµ,32.66,32.97,31.61,31.83,31.83,0.83,2.6076,0.3587,1121102,36296847.69,12433662000.0,10207029659.5
2011-10-24,'002038,Ë«ðØÒ©Òµ,31.83,31.99,30.81,31.43,31.63,0.2,0.6323,0.2475,773566,24247735.86,12117681000.0,9947634845.76
2011-10-21,'002038,Ë«ðØÒ©Òµ,31.63,32.36,31.25,32.2,32.2,-0.57,-1.7702,0.5848,1827714,57693388.25,12041541000.0,9885130071.36
2011-10-20,'002038,Ë«ðØÒ©Òµ,32.2,33.0,31.82,32.91,32.83,-0.63,-1.919,0.4146,1295636,41762210.73,12258540000.0,10063268678.4
2011-10-19,'002038,Ë«ðØÒ©Òµ,32.83,33.13,32.51,32.8,32.81,0.02,0.061,0.1417,442897,14571600.33,12498381000.0,10260158717.8
2011-10-18,'002038,Ë«ðØÒ©Òµ,32.81,33.18,32.68,33.09,33.19,-0.38,-1.1449,0.1111,347144,11394581.91,12490767000.0,10253908240.3
2011-10-17,'002038,Ë«ðØÒ©Òµ,33.19,33.48,32.85,33.0,33.01,0.18,0.5453,0.2028,633808,21080016.03,12635433000.0,10372667311.7
2011-10-14,'002038,Ë«ðØÒ©Òµ,33.01,33.35,32.61,33.35,33.38,-0.37,-1.1084,0.1594,498293,16423928.35,12566907000.0,10316413014.7
2011-10-13,'002038,Ë«ðØÒ©Òµ,33.38,33.48,32.8,32.98,32.98,0.4,1.2129,0.1972,616228,20507486.8,12707766000.0,10432046847.4
2011-10-12,'002038,Ë«ðØÒ©Òµ,32.98,33.12,31.78,32.01,32.09,0.89,2.7734,0.312,974948,31737834.67,12555486000.0,10307037298.6
2011-10-11,'002038,Ë«ðØÒ©Òµ,32.09,33.32,31.7,33.1,32.5,-0.41,-1.2615,0.3104,969982,31557653.82,12216663000.0,10028891052.5
2011-10-10,'002038,Ë«ðØÒ©Òµ,32.5,32.6,32.0,32.35,32.35,0.15,0.4637,0.1827,571010,18456045.96,12372750000.0,10157025840.0
2011-09-30,'002038,Ë«ðØÒ©Òµ,32.35,32.35,31.85,31.98,31.9,0.45,1.4107,0.1952,610142,19605098.94,12315645000.0,10110147259.2
2011-09-29,'002038,Ë«ðØÒ©Òµ,31.9,32.7,31.58,32.33,32.3,-0.4,-1.2384,0.2184,682504,21891914.69,12144330000.0,9969511516.8
2011-09-28,'002038,Ë«ðØÒ©Òµ,32.3,32.79,32.24,32.24,32.14,0.16,0.4978,0.3891,1216133,39533082.76,12296610000.0,10094521065.6
2011-09-27,'002038,Ë«ðØÒ©Òµ,32.14,32.5,32.06,32.31,32.21,-0.07,-0.2173,0.2638,824460,26563888.22,12235698000.0,10044517246.1
2011-09-26,'002038,Ë«ðØÒ©Òµ,32.21,32.95,32.2,32.4,32.86,-0.65,-1.9781,0.1884,588878,19129698.13,12262347000.0,10066393917.1
2011-09-23,'002038,Ë«ðØÒ©Òµ,32.86,32.98,32.26,32.9,33.3,-0.44,-1.3213,0.4516,1411337,45990204.26,12509802000.0,10269534433.9
2011-09-22,'002038,Ë«ðØÒ©Òµ,33.3,34.36,32.99,34.36,34.5,-1.2,-3.4783,0.4175,1304676,43679558.48,12677310000.0,10407044937.6
2011-09-21,'002038,Ë«ðØÒ©Òµ,34.5,34.62,33.5,33.5,33.95,0.55,1.62,0.5516,1723862,59165857.16,13134150000.0,10782073584.0
2011-09-20,'002038,Ë«ðØÒ©Òµ,33.95,34.19,33.23,33.7,33.85,0.1,0.2954,0.1531,478620,16160186.9,12924765000.0,10610185454.4
2011-09-19,'002038,Ë«ðØÒ©Òµ,33.85,33.9,33.1,33.8,34.1,-0.25,-0.7331,0.2663,832366,27878342.45,12886695000.0,10578933067.2
2011-09-16,'002038,Ë«ðØÒ©Òµ,34.1,34.64,34.02,34.6,34.56,-0.46,-1.331,0.1668,521186,17923190.82,12981870000.0,10657064035.2
2011-09-15,'002038,Ë«ðØÒ©Òµ,34.56,34.97,34.21,34.73,34.7,-0.14,-0.4035,0.2705,845506,29302286.75,13156992000.0,10800825016.3
2011-09-14,'002038,Ë«ðØÒ©Òµ,34.7,34.88,32.9,34.18,34.05,0.65,1.909,0.658,2056348,69202314.47,13210290000.0,10844578358.4
2011-09-13,'002038,Ë«ðØÒ©Òµ,34.05,35.3,33.94,35.3,35.6,-1.55,-4.3539,0.7824,2445295,83675431.52,12962835000.0,10641437841.6
2011-09-09,'002038,Ë«ðØÒ©Òµ,35.6,36.88,35.36,36.4,36.29,-0.69,-1.9014,0.3509,1096521,39444750.91,13552920000.0,11125849843.2
2011-09-08,'002038,Ë«ðØÒ©Òµ,36.29,36.9,35.9,36.0,35.79,0.5,1.397,0.2392,747437,27133315.72,13815603000.0,11341491314.9
2011-09-07,'002038,Ë«ðØÒ©Òµ,35.79,35.85,35.26,35.26,35.26,0.53,1.5031,0.1471,459666,16379445.86,13625253000.0,11185229378.9
2011-09-06,'002038,Ë«ðØÒ©Òµ,35.26,35.97,35.17,35.69,35.72,-0.46,-1.2878,0.176,550183,19566228.33,13423482000.0,11019591726.7
2011-09-05,'002038,Ë«ðØÒ©Òµ,35.72,35.98,35.0,35.5,35.7,0.02,0.056,0.314,981190,34735108.34,13598604000.0,11163352707.8
2011-09-02,'002038,Ë«ðØÒ©Òµ,35.7,36.25,35.7,36.05,36.16,-0.46,-1.2721,0.1998,624547,22414708.41,13590990000.0,11157102230.4
2011-09-01,'002038,Ë«ðØÒ©Òµ,36.16,36.59,35.96,36.25,36.22,-0.06,-0.1657,0.3006,939313,34006680.82,13766112000.0,11300863211.5
2011-08-31,'002038,Ë«ðØÒ©Òµ,36.22,36.82,36.14,36.81,36.7,-0.48,-1.3079,0.2116,661147,24093712.55,13788954000.0,11319614643.8
2011-08-30,'002038,Ë«ðØÒ©Òµ,36.7,37.7,36.7,37.48,37.42,-0.72,-1.9241,0.2987,933445,34815622.93,13971690000.0,11469626102.4
2011-08-29,'002038,Ë«ðØÒ©Òµ,37.42,37.99,37.09,37.89,37.89,-0.47,-1.2404,0.2122,663054,24789959.92,14245794000.0,11694643290.2
2011-08-26,'002038,Ë«ðØÒ©Òµ,37.89,38.09,37.52,37.7,37.73,0.16,0.4241,0.3152,985042,37333319.27,14424723000.0,11841529510.1
2011-08-25,'002038,Ë«ðØÒ©Òµ,37.73,37.78,37.18,37.18,37.48,0.25,0.667,0.3835,1198555,44921666.78,14363811000.0,11791525690.6
2011-08-24,'002038,Ë«ðØÒ©Òµ,37.48,37.95,36.92,37.91,37.71,-0.23,-0.6099,0.5957,1861721,69480340.66,14268636000.0,11713394722.6
2011-08-23,'002038,Ë«ðØÒ©Òµ,37.71,38.05,37.15,37.72,37.84,-0.13,-0.3436,0.2276,711242,26798023.95,14356197000.0,11785275213.1
2011-08-22,'002038,Ë«ðØÒ©Òµ,37.84,38.15,36.03,37.66,37.99,-0.15,-0.3948,0.4356,1361502,50858456.11,14405688000.0,11825903316.5
2011-08-19,'002038,Ë«ðØÒ©Òµ,37.99,38.14,37.33,37.55,38.17,-0.18,-0.4716,0.266,831206,31396324.71,14462793000.0,11872781897.3
2011-08-18,'002038,Ë«ðØÒ©Òµ,38.17,38.96,37.86,38.59,38.6,-0.43,-1.114,0.5173,1616556,61990334.72,14531319000.0,11929036194.2
2011-08-17,'002038,Ë«ðØÒ©Òµ,38.6,38.8,38.3,38.51,38.6,0.0,0.0,0.2578,805557,31076564.62,14695020000.0,12063421459.2
2011-08-16,'002038,Ë«ðØÒ©Òµ,38.6,39.59,38.29,39.4,39.47,-0.87,-2.2042,0.6693,2091854,80846115.27,14695020000.0,12063421459.2
2011-08-15,'002038,Ë«ðØÒ©Òµ,39.47,39.57,38.7,39.05,39.22,0.25,0.6374,0.8628,2696512,105587693.37,15026229000.0,12335317227.8
2011-08-12,'002038,Ë«ðØÒ©Òµ,39.22,39.49,37.65,37.8,37.65,1.57,4.17,1.3326,4164613,161738433.51,14931054000.0,12257186259.8
2011-08-11,'002038,Ë«ðØÒ©Òµ,37.65,38.1,35.61,35.9,36.31,1.34,3.6904,0.9489,2965648,109868971.02,14333355000.0,11766523780.8
2011-08-10,'002038,Ë«ðØÒ©Òµ,36.31,36.59,36.01,36.51,35.95,0.36,1.0014,0.4355,1361085,49497796.94,13823217000.0,11347741792.3
2011-08-09,'002038,Ë«ðØÒ©Òµ,35.95,36.09,34.8,35.77,36.0,-0.05,-0.1389,0.5088,1589975,56639091.9,13686165000.0,11235233198.4
2011-08-08,'002038,Ë«ðØÒ©Òµ,36.0,36.48,34.5,35.88,36.21,-0.21,-0.58,0.7236,2261322,81107496.63,13705200000.0,11250859392.0
2011-08-05,'002038,Ë«ðØÒ©Òµ,36.21,36.69,35.33,35.5,36.33,-0.12,-0.3303,0.8346,2608398,94480280.19,13785147000.0,11316489405.1
2011-08-04,'002038,Ë«ðØÒ©Òµ,36.33,36.4,36.0,36.25,36.2,0.13,0.3591,0.4754,1485708,53842801.01,13830831000.0,11353992269.8
2011-08-03,'002038,Ë«ðØÒ©Òµ,36.2,37.16,36.0,36.8,36.88,-0.68,-1.8438,1.0938,3418464,124150632.63,13781340000.0,11313364166.4
2011-08-02,'002038,Ë«ðØÒ©Òµ,36.88,37.46,36.68,37.4,37.6,-0.72,-1.9149,0.6048,1890044,69811981.57,14040216000.0,11525880399.4
2011-08-01,'002038,Ë«ðØÒ©Òµ,37.6,38.65,37.36,38.65,38.6,-1.0,-2.5907,0.9451,2953649,111458162.14,14314320000.0,11750897587.2
2011-07-29,'002038,Ë«ðØÒ©Òµ,38.6,39.11,38.22,38.63,38.9,-0.3,-0.7712,0.4993,1560580,60359697.76,14695020000.0,12063421459.2
2011-07-28,'002038,Ë«ðØÒ©Òµ,0.0,0.0,0.0,0.0,38.9,None,None,0.0,0,0.0,14809230000.0,12157178620.8
2011-07-27,'002038,Ë«ðØÒ©Òµ,38.9,39.39,38.15,38.5,38.5,0.4,1.039,0.6744,2107619,82230465.21,14809230000.0,12157178620.8
2011-07-26,'002038,Ë«ðØÒ©Òµ,38.5,38.6,37.62,37.81,38.01,0.49,1.2891,0.4689,1465449,55832475.45,14656950000.0,12032169072.0
2011-07-25,'002038,Ë«ðØÒ©Òµ,38.01,39.29,37.58,39.0,38.9,-0.89,-2.2879,0.6165,1926805,74151268.5,14470407000.0,11879032374.7
2011-07-22,'002038,Ë«ðØÒ©Òµ,38.9,39.1,37.7,37.8,37.99,0.91,2.3954,1.0649,3328168,127809769.56,14809230000.0,12157178620.8
2011-07-21,'002038,Ë«ðØÒ©Òµ,37.99,38.18,37.42,37.95,37.9,0.09,0.2375,0.667,2084429,79056624.96,14462793000.0,11872781897.3
2011-07-20,'002038,Ë«ðØÒ©Òµ,37.9,38.2,37.35,37.85,37.86,0.04,0.1057,0.763,2384642,90145978.2,14428530000.0,11844654748.8
2011-07-19,'002038,Ë«ðØÒ©Òµ,37.86,38.13,36.9,37.54,37.85,0.01,0.0264,1.0993,3435430,129334344.61,14413302000.0,11832153793.9
2011-07-18,'002038,Ë«ðØÒ©Òµ,37.85,38.48,37.45,38.1,37.92,-0.07,-0.1846,2.1395,6686403,253410051.95,14409495000.0,11829028555.2
2011-07-15,'002038,Ë«ðØÒ©Òµ,37.92,38.24,37.1,37.21,37.39,0.53,1.4175,1.7435,5448715,205989333.38,14436144000.0,11850905226.2
2011-07-14,'002038,Ë«ðØÒ©Òµ,37.39,37.62,36.68,37.08,37.1,0.29,0.7817,2.3123,7226644,268888082.5,14234373000.0,11685267574.1
2011-07-13,'002038,Ë«ðØÒ©Òµ,37.1,38.95,36.99,38.91,39.4,-2.3,-5.8376,5.5819,17444862,650801307.14,14123970000.0,11594635651.2
2011-07-12,'002038,Ë«ðØÒ©Òµ,39.4,40.28,39.2,39.99,39.99,-0.59,-1.4754,0.3919,1224637,48633787.39,14999580000.0,12313440556.8
2011-07-11,'002038,Ë«ðØÒ©Òµ,39.99,40.2,38.68,38.98,38.98,1.01,2.5911,0.521,1628363,64913590.56,15224193000.0,12497829641.3
2011-07-08,'002038,Ë«ðØÒ©Òµ,38.98,39.45,38.33,38.68,38.66,0.32,0.8277,0.3433,1072994,41822279.72,14839686000.0,12182180530.6
2011-07-07,'002038,Ë«ðØÒ©Òµ,38.66,39.0,38.15,38.8,38.52,0.14,0.3634,0.3698,1155644,44599693.45,14717862000.0,12082172891.5
2011-07-06,'002038,Ë«ðØÒ©Òµ,38.52,38.57,37.82,38.4,38.33,0.19,0.4957,0.3627,1133443,43386225.5,14664564000.0,12038419549.4
2011-07-05,'002038,Ë«ðØÒ©Òµ,38.33,39.0,37.85,37.97,37.9,0.43,1.1346,0.4165,1301691,50064201.03,14592231000.0,11979040013.8
2011-07-04,'002038,Ë«ðØÒ©Òµ,37.9,37.99,37.21,37.55,37.52,0.38,1.0128,0.4337,1355371,51085468.06,14428530000.0,11844654748.8
2011-07-01,'002038,Ë«ðØÒ©Òµ,37.52,38.0,37.3,38.0,37.75,-0.23,-0.6093,0.209,653329,24565642.17,14283864000.0,11725895677.4
2011-06-30,'002038,Ë«ðØÒ©Òµ,37.75,38.1,37.14,37.35,37.37,0.38,1.0169,0.2965,926708,34976005.69,14371425000.0,11797776168.0
2011-06-29,'002038,Ë«ðØÒ©Òµ,37.37,37.65,36.83,37.43,37.5,-0.13,-0.3467,0.432,1349996,50311093.15,14226759000.0,11679017096.6
2011-06-28,'002038,Ë«ðØÒ©Òµ,37.5,37.75,37.27,37.7,37.53,-0.03,-0.0799,0.3255,1017155,38167203.52,14276250000.0,11719645200.0
2011-06-27,'002038,Ë«ðØÒ©Òµ,37.53,37.75,37.04,37.04,37.04,0.49,1.3229,0.5089,1590392,59592746.77,14287671000.0,11729020916.2
2011-06-24,'002038,Ë«ðØÒ©Òµ,37.04,37.47,36.62,36.9,37.0,0.04,0.1081,0.4087,1277216,47435811.66,14101128000.0,11575884218.9
2011-06-23,'002038,Ë«ðØÒ©Òµ,37.0,37.08,35.1,35.54,35.54,1.46,4.108,0.2898,905772,32686932.09,14085900000.0,11563383264.0
2011-06-22,'002038,Ë«ðØÒ©Òµ,35.54,36.15,35.3,35.98,36.0,-0.46,-1.2778,0.12,374921,13348042.3,13530078000.0,11107098410.9
2011-06-21,'002038,Ë«ðØÒ©Òµ,36.0,36.0,34.8,34.8,34.8,1.2,3.4483,0.2344,732436,25842497.0,13705200000.0,11250859392.0
2011-06-20,'002038,Ë«ðØÒ©Òµ,34.8,35.7,34.25,35.51,35.78,-0.98,-2.739,0.6049,1890352,66049332.8,13248360000.0,10875830745.6
2011-06-17,'002038,Ë«ðØÒ©Òµ,35.78,36.48,35.0,36.16,35.67,0.11,0.3084,0.2989,934034,33353584.25,13621446000.0,11182104140.2
2011-06-16,'002038,Ë«ðØÒ©Òµ,35.67,36.5,35.18,36.47,36.56,-0.89,-2.4344,0.3849,1202839,42981288.26,13579569000.0,11147726514.2
2011-06-15,'002038,Ë«ðØÒ©Òµ,36.56,37.39,36.4,36.93,36.93,-0.37,-1.0019,0.1203,376050,13812901.84,13918392000.0,11425872760.3
2011-06-14,'002038,Ë«ðØÒ©Òµ,36.93,37.45,36.15,36.15,36.64,0.29,0.7915,0.1778,555790,20591253.25,14059251000.0,11541506593.0
2011-06-13,'002038,Ë«ðØÒ©Òµ,36.64,37.38,36.4,37.0,37.2,-0.56,-1.5054,0.401,1253169,46170897.59,13948848000.0,11450874670.1
2011-06-10,'002038,Ë«ðØÒ©Òµ,37.2,37.61,36.06,36.52,36.67,0.53,1.4453,0.2294,716868,26228979.99,14162040000.0,11625888038.4
2011-06-09,'002038,Ë«ðØÒ©Òµ,36.67,37.23,36.6,37.0,37.2,-0.53,-1.4247,0.1413,441709,16291025.66,13960269000.0,11460250386.2
2011-06-08,'002038,Ë«ðØÒ©Òµ,37.2,37.75,36.85,37.74,37.75,-0.55,-1.457,0.4684,1463813,54424654.6,14162040000.0,11625888038.4
2011-06-07,'002038,Ë«ðØÒ©Òµ,37.75,38.3,37.65,38.07,37.89,-0.14,-0.3695,0.3629,1134186,43021365.91,14371425000.0,11797776168.0
2011-06-03,'002038,Ë«ðØÒ©Òµ,37.89,38.18,37.03,37.67,37.19,0.7,1.8822,0.3522,1100676,41526955.31,14424723000.0,11841529510.1
2011-06-02,'002038,Ë«ðØÒ©Òµ,37.19,37.2,36.4,36.9,37.13,0.06,0.1616,0.4821,1506689,55353338.78,14158233000.0,11622762799.7
2011-06-01,'002038,Ë«ðØÒ©Òµ,37.13,37.3,35.7,35.95,36.0,1.13,3.1389,0.429,1340659,49133031.48,14135391000.0,11604011367.4
2011-05-31,'002038,Ë«ðØÒ©Òµ,36.0,36.32,35.3,36.28,35.87,0.13,0.3624,0.2745,858031,30775577.74,13705200000.0,11250859392.0
2011-05-30,'002038,Ë«ðØÒ©Òµ,35.87,36.58,35.01,35.5,35.87,0.0,0.0,0.3269,1021618,36831117.78,13655709000.0,11210231288.6
2011-05-27,'002038,Ë«ðØÒ©Òµ,35.87,36.5,35.7,35.85,36.15,-0.28,-0.7746,0.2755,861028,31005426.18,13655709000.0,11210231288.6
2011-05-26,'002038,Ë«ðØÒ©Òµ,36.15,37.05,35.6,36.94,36.97,-0.82,-2.218,1.2259,3831173,139213675.04,13762305000.0,11297737972.8
2011-05-25,'002038,Ë«ðØÒ©Òµ,36.97,37.15,36.56,36.69,36.76,0.21,0.5713,0.3277,1024016,37741034.4,14074479000.0,11554007547.8
2011-05-24,'002038,Ë«ðØÒ©Òµ,36.76,36.97,36.06,36.58,36.9,-0.14,-0.3794,0.6957,2174174,79247541.51,13994532000.0,11488377534.7
2011-05-23,'002038,Ë«ðØÒ©Òµ,36.9,38.66,36.8,38.31,38.35,-1.45,-3.781,0.8457,2643064,98804225.5,14047830000.0,11532130876.8
2011-05-20,'002038,Ë«ðØÒ©Òµ,38.35,39.6,38.31,39.07,38.99,-0.64,-1.6414,0.6917,2161692,83767657.59,14599845000.0,11985290491.2
2011-05-19,'002038,Ë«ðØÒ©Òµ,38.99,39.52,38.0,38.1,37.9,1.09,2.876,1.5397,4811989,187634798.34,14843493000.0,12185305769.3
2011-05-18,'002038,Ë«ðØÒ©Òµ,37.9,38.05,37.6,38.0,38.1,-0.2,-0.5249,0.4426,1383270,52285074.65,14428530000.0,11844654748.8
2011-05-17,'002038,Ë«ðØÒ©Òµ,38.1,38.33,37.5,37.8,37.9,0.2,0.5277,1.0152,3172659,120495160.48,14457807000.0,11907159523.2
2011-05-16,'002038,Ë«ðØÒ©Òµ,37.9,38.35,36.86,37.0,37.18,0.72,1.9365,1.1146,3483515,132263610.56,14381913000.0,11844654748.8
2011-05-13,'002038,Ë«ðØÒ©Òµ,37.18,37.38,36.3,36.8,36.9,0.28,0.7588,0.6224,1945192,71937098.59,14108694600.0,11619637561.0
2011-05-12,'002038,Ë«ðØÒ©Òµ,36.9,37.57,36.16,36.25,36.62,0.28,0.7646,0.609,1903405,70516029.16,14002443000.0,11532130876.8
2011-05-11,'002038,Ë«ðØÒ©Òµ,36.62,36.9,36.26,36.71,36.71,-0.09,-0.2452,0.5253,1641557,60070639.85,13896191400.0,11444624192.6
2011-05-10,'002038,Ë«ðØÒ©Òµ,36.71,37.18,36.66,36.8,36.76,-0.05,-0.136,0.8181,2556662,94238148.81,13930343700.0,11472751341.1
2011-05-09,'002038,Ë«ðØÒ©Òµ,36.76,37.2,36.08,36.08,36.22,0.54,1.4909,0.9542,2982026,109965475.46,13949317200.0,11488377534.7
2011-05-06,'002038,Ë«ðØÒ©Òµ,36.22,36.8,35.03,35.6,35.58,0.64,1.7988,0.8903,2782363,100815753.16,13744403400.0,11319614643.8
2011-05-05,'002038,Ë«ðØÒ©Òµ,35.58,35.95,35.28,35.59,35.62,-0.04,-0.1123,0.7457,2330433,83049893.37,13501542600.0,11119599365.8
2011-05-04,'002038,Ë«ðØÒ©Òµ,35.62,36.5,35.0,36.18,36.25,-0.63,-1.7379,0.6118,1911944,68272059.25,13516721400.0,11132100320.6
2011-05-03,'002038,Ë«ðØÒ©Òµ,36.25,36.43,34.67,34.97,34.66,1.59,4.5874,0.6791,2122489,76117972.56,13755787500.0,11328990360.0
2011-04-29,'002038,Ë«ðØÒ©Òµ,34.66,34.94,33.2,33.2,33.04,1.62,4.9031,1.1514,3598288,122862457.55,13152430200.0,10832077403.5
2011-04-28,'002038,Ë«ðØÒ©Òµ,33.04,35.35,33.03,34.99,35.06,-2.02,-5.7616,0.6041,1887951,64227895.1,12537688800.0,10325788730.9
2011-04-27,'002038,Ë«ðØÒ©Òµ,35.06,35.67,34.52,35.37,35.09,-0.03,-0.0855,0.3732,1166323,40989893.57,13304218200.0,10957086952.3
2011-04-26,'002038,Ë«ðØÒ©Òµ,52.88,54.97,52.07,54.7,54.91,-2.03,-3.697,1.1876,2460795,130512371.49,13377582400.0,10957489169.8
2011-04-25,'002038,Ë«ðØÒ©Òµ,54.91,55.83,53.55,53.93,53.93,0.98,1.8172,1.4137,2929373,160156518.65,13891131800.0,11378134083.1
2011-04-22,'002038,Ë«ðØÒ©Òµ,53.93,54.48,52.91,52.95,53.5,0.43,0.8037,0.9321,1931366,104124108.19,13643211400.0,11175064125.0
2011-04-21,'002038,Ë«ðØÒ©Òµ,53.5,54.69,52.51,53.0,52.82,0.68,1.2874,1.5239,3157708,169946792.79,13534430000.0,11085962000.5
2011-04-20,'002038,Ë«ðØÒ©Òµ,52.82,53.15,51.51,51.8,51.77,1.05,2.0282,1.489,3085383,162135710.77,13362403600.0,10945056315.3
2011-04-19,'002038,Ë«ðØÒ©Òµ,51.77,51.9,50.88,50.88,51.25,0.52,1.0146,0.6206,1286008,65905698.72,13096774600.0,10727481360.1
2011-04-18,'002038,Ë«ðØÒ©Òµ,51.25,52.4,50.88,52.0,51.93,-0.68,-1.3095,0.5415,1122153,57843998.1,12965225000.0,10619729953.8
2011-04-15,'002038,Ë«ðØÒ©Òµ,51.93,53.2,51.57,53.17,51.6,0.33,0.6395,1.5468,3205213,167947515.12,13137251400.0,10760635639.0
2011-04-14,'002038,Ë«ðØÒ©Òµ,51.6,51.89,51.11,51.48,51.5,0.1,0.1942,0.3541,733730,37747409.75,13053768000.0,10692254938.8
2011-04-13,'002038,Ë«ðØÒ©Òµ,51.5,51.79,50.2,50.21,50.48,1.02,2.0206,0.654,1355232,69403031.56,13028470000.0,10671533514.5
2011-04-12,'002038,Ë«ðØÒ©Òµ,50.48,50.99,50.2,50.56,50.68,-0.2,-0.3946,0.3305,684756,34570708.59,12770430400.0,10460174986.6
2011-04-11,'002038,Ë«ðØÒ©Òµ,50.68,51.33,50.2,50.2,50.35,0.33,0.6554,0.6493,1345443,68512554.03,12821026400.0,10501617835.2
2011-04-08,'002038,Ë«ðØÒ©Òµ,50.35,50.46,49.2,49.39,49.39,0.96,1.9437,0.7525,1559219,78051341.87,12737543000.0,10433237135.0
2011-04-07,'002038,Ë«ðØÒ©Òµ,49.39,49.88,49.01,49.88,49.9,-0.51,-1.022,0.9549,1978592,97361055.03,12494682200.0,10234311461.8
2011-04-06,'002038,Ë«ðØÒ©Òµ,49.9,50.05,48.81,49.38,49.21,0.69,1.4022,0.7236,1499474,74047096.33,12623702000.0,10339990725.7
2011-04-01,'002038,Ë«ðØÒ©Òµ,49.21,49.99,49.09,49.92,49.92,-0.71,-1.4223,0.8911,1846385,91278423.37,12449145800.0,10197012898.0
2011-03-31,'002038,Ë«ðØÒ©Òµ,49.92,51.86,49.8,51.86,51.6,-1.68,-3.2558,0.8302,1720252,86656331.4,12628761600.0,10344135010.6
2011-03-30,'002038,Ë«ðØÒ©Òµ,0.0,0.0,0.0,0.0,51.6,None,None,0.0,0,0.0,13053768000.0,10692254938.8
2011-03-29,'002038,Ë«ðØÒ©Òµ,51.6,52.69,50.98,51.58,51.48,0.12,0.2331,1.2555,2601659,134213348.13,13053768000.0,10692254938.8
2011-03-28,'002038,Ë«ðØÒ©Òµ,51.48,52.2,51.11,51.9,51.98,-0.5,-0.9619,1.141,2364261,121824707.93,13023410400.0,10667389229.6
2011-03-25,'002038,Ë«ðØÒ©Òµ,51.98,52.74,51.21,52.21,52.21,-0.23,-0.4405,1.4505,3005550,155825983.74,13149900400.0,10770996351.1
2011-03-24,'002038,Ë«ðØÒ©Òµ,52.21,52.88,51.88,52.81,52.67,-0.46,-0.8734,0.7216,1495190,78204149.48,13208085800.0,10818655627.0
2011-03-23,'002038,Ë«ðØÒ©Òµ,52.67,52.71,51.84,52.12,52.62,0.05,0.095,0.8749,1812876,95011280.33,13324456600.0,10913974178.8
2011-03-22,'002038,Ë«ðØÒ©Òµ,52.62,54.79,52.25,54.79,54.82,-2.2,-4.0131,1.4834,3073778,162745228.48,13311807600.0,10903613466.7
2011-03-21,'002038,Ë«ðØÒ©Òµ,54.82,55.7,54.26,55.6,55.59,-0.77,-1.3851,0.4531,938981,51404001.81,13868363600.0,11359484801.3
2011-03-18,'002038,Ë«ðØÒ©Òµ,55.59,55.73,54.88,55.05,55.3,0.29,0.5244,0.5707,1182554,65341019.6,14063158200.0,11519039768.4
2011-03-17,'002038,Ë«ðØÒ©Òµ,55.3,56.0,54.52,55.65,55.84,-0.54,-0.967,0.7042,1459218,80376480.06,13989794000.0,11458947637.9
2011-03-16,'002038,Ë«ðØÒ©Òµ,55.84,56.68,55.15,56.5,56.7,-0.86,-1.5168,0.8163,1691464,94192853.63,14126403200.0,11570843329.1
2011-03-15,'002038,Ë«ðØÒ©Òµ,56.7,57.3,55.68,57.3,57.03,-0.33,-0.5786,1.1443,2371168,133269792.82,14343966000.0,11749047578.1
2011-03-14,'002038,Ë«ðØÒ©Òµ,57.03,57.48,56.0,56.0,55.8,1.23,2.2043,1.5869,3288363,186884880.96,14427449400.0,11817428278.3
2011-03-11,'002038,Ë«ðØÒ©Òµ,55.8,57.89,55.36,55.6,55.39,0.41,0.7402,2.1567,4468984,251625342.49,14116284000.0,11562554759.4
2011-03-10,'002038,Ë«ðØÒ©Òµ,55.39,56.28,53.93,54.0,53.8,1.59,2.9554,1.4645,3034690,167988232.84,14012562200.0,11477596919.8
2011-03-09,'002038,Ë«ðØÒ©Òµ,53.8,54.34,53.65,54.11,54.06,-0.26,-0.4809,0.8759,1815084,97800117.76,13610324000.0,11148126273.4
2011-03-08,'002038,Ë«ðØÒ©Òµ,54.06,54.39,53.3,53.8,53.76,0.3,0.558,0.9627,1994888,107347483.41,13676098800.0,11202001976.6
2011-03-07,'002038,Ë«ðØÒ©Òµ,53.76,55.17,53.15,54.68,54.9,-1.14,-2.0765,1.76,3647057,195786601.51,13600204800.0,11139837703.7
2011-03-04,'002038,Ë«ðØÒ©Òµ,54.9,55.96,53.86,55.76,55.78,-0.88,-1.5776,1.0188,2111170,115066661.91,13888602000.0,11376061940.7
2011-03-03,'002038,Ë«ðØÒ©Òµ,55.78,56.5,55.5,56.45,56.4,-0.62,-1.0993,0.9977,2067405,115759660.56,14111224400.0,11558410474.5
2011-03-02,'002038,Ë«ðØÒ©Òµ,56.4,56.99,55.0,56.55,57.59,-1.19,-2.0663,2.2236,4607573,257128503.9,14268072000.0,11686883305.2
2011-03-01,'002038,Ë«ðØÒ©Òµ,57.59,57.6,53.5,55.01,54.99,2.6,4.7281,2.6475,5485988,302781601.5,14569118200.0,11933468254.4
2011-02-28,'002038,Ë«ðØÒ©Òµ,54.99,56.28,53.08,56.0,55.36,-0.37,-0.6684,1.1896,2464972,134374289.63,13911370200.0,11394697475.1
2011-02-25,'002038,Ë«ðØÒ©Òµ,55.36,57.29,54.8,55.0,55.44,-0.08,-0.1443,1.1477,2378257,133602918.1,14004972800.0,11471366652.5
2011-02-24,'002038,Ë«ðØÒ©Òµ,55.44,55.9,54.38,55.48,55.29,0.15,0.2713,0.8832,1830010,101157725.29,14025211200.0,11487943771.9
2011-02-23,'002038,Ë«ðØÒ©Òµ,55.29,55.98,51.68,51.68,51.8,3.49,6.7375,2.4239,5022670,274116872.71,13987264200.0,11456861673.0
2011-02-22,'002038,Ë«ðØÒ©Òµ,51.8,53.3,51.58,53.2,52.72,-0.92,-1.7451,0.7344,1521814,79881890.74,13104364000.0,10733684837.4
2011-02-21,'002038,Ë«ðØÒ©Òµ,52.72,53.79,52.02,52.41,52.69,0.03,0.0569,1.0354,2145502,114281135.69,13337105600.0,10924321711.0
2011-02-18,'002038,Ë«ðØÒ©Òµ,52.69,52.9,50.95,51.02,51.19,1.5,2.9303,0.6044,1252391,65109202.46,13329516200.0,10918105291.2
2011-02-17,'002038,Ë«ðØÒ©Òµ,51.19,52.1,50.6,51.98,51.88,-0.69,-1.33,0.7418,1537015,78755178.21,12950046200.0,10607284301.7
2011-02-16,'002038,Ë«ðØÒ©Òµ,51.88,52.66,51.48,52.33,52.33,-0.45,-0.8599,0.8348,1729824,89535252.34,13124602400.0,10750261956.8
2011-02-15,'002038,Ë«ðØÒ©Òµ,52.33,54.98,52.0,54.06,54.0,-1.67,-3.0926,1.0415,2158086,113861627.53,13238443400.0,10843508253.7
2011-02-14,'002038,Ë«ðØÒ©Òµ,54.0,55.6,53.0,54.6,54.11,-0.11,-0.2033,0.4012,831440,45000408.66,13660920000.0,11189555622.0
2011-02-11,'002038,Ë«ðØÒ©Òµ,54.11,54.66,53.65,54.0,54.0,0.11,0.2037,0.2071,429049,23200872.89,13688747800.0,11212349161.2
2011-02-10,'002038,Ë«ðØÒ©Òµ,54.0,54.6,52.5,52.61,53.2,0.8,1.5038,0.202,418619,22537400.4,13660920000.0,11189555622.0
2011-02-09,'002038,Ë«ðØÒ©Òµ,53.2,53.57,52.3,53.5,53.57,-0.37,-0.6907,0.277,573884,30500442.95,13458536000.0,11023784427.6
2011-02-01,'002038,Ë«ðØÒ©Òµ,53.57,53.66,51.0,52.87,52.36,1.21,2.3109,0.2143,444142,23406471.68,13552138600.0,11100453605.0
2011-01-31,'002038,Ë«ðØÒ©Òµ,52.36,52.36,50.2,50.68,50.8,1.56,3.0709,0.2443,506255,26044579.55,13246032800.0,10849724673.5
2011-01-28,'002038,Ë«ðØÒ©Òµ,50.8,50.8,47.9,47.91,47.9,2.9,6.0543,0.5286,1095279,54588487.65,12851384000.0,10526470844.4
2011-01-27,'002038,Ë«ðØÒ©Òµ,47.9,48.39,46.11,46.78,46.95,0.95,2.0234,0.7658,1586943,75600972.44,12117742000.0,9925550264.7
2011-01-26,'002038,Ë«ðØÒ©Òµ,46.95,48.5,46.0,47.7,47.7,-0.75,-1.5723,0.5594,1159195,54477020.36,11877411000.0,9728696971.35
2011-01-25,'002038,Ë«ðØÒ©Òµ,47.7,48.9,47.51,47.78,47.9,-0.2,-0.4175,0.2807,581708,28163974.22,12067146000.0,9884107466.1
2011-01-24,'002038,Ë«ðØÒ©Òµ,47.9,52.24,47.88,51.52,52.25,-4.35,-8.3254,0.7392,1531800,76359867.22,12117742000.0,9925550264.7
2011-01-21,'002038,Ë«ðØÒ©Òµ,52.25,52.8,51.38,52.0,52.49,-0.24,-0.4572,0.3842,796024,41387363.88,13218205000.0,10826931134.2
2011-01-20,'002038,Ë«ðØÒ©Òµ,52.49,53.97,52.01,53.63,53.99,-1.5,-2.7783,0.1279,265085,14054790.88,13278920200.0,10876662492.6
2011-01-19,'002038,Ë«ðØÒ©Òµ,53.99,54.5,53.39,54.18,53.9,0.09,0.167,0.4822,999198,53652322.79,13658390200.0,11187483482.1
2011-01-18,'002038,Ë«ðØÒ©Òµ,53.9,54.16,52.4,53.64,54.0,-0.1,-0.1852,0.1759,364415,19600934.72,13635622000.0,11168834222.7
2011-01-17,'002038,Ë«ðØÒ©Òµ,54.0,54.78,50.0,54.0,54.6,-0.6,-1.0989,0.7304,1513481,79828224.56,13660920000.0,11189555622.0
2011-01-14,'002038,Ë«ðØÒ©Òµ,54.6,55.48,53.45,55.16,55.16,-0.56,-1.0152,0.2775,575090,31378550.42,13812708000.0,11313884017.8
2011-01-13,'002038,Ë«ðØÒ©Òµ,55.16,55.55,54.5,54.93,54.11,1.05,1.9405,0.2585,535714,29534268.3,13954376800.0,11429923853.9
2011-01-12,'002038,Ë«ðØÒ©Òµ,54.11,54.39,53.5,53.5,53.5,0.61,1.1402,0.4941,1023773,55324476.79,13688747800.0,11212349161.2
2011-01-11,'002038,Ë«ðØÒ©Òµ,53.5,54.26,52.95,53.4,53.8,-0.3,-0.5576,0.4878,1010769,54024576.76,13534430000.0,11085948625.5
2011-01-10,'002038,Ë«ðØÒ©Òµ,53.8,55.6,53.5,54.9,54.91,-1.11,-2.0215,1.384,2867940,156470971.55,13610324000.0,11148112823.4
2011-01-07,'002038,Ë«ðØÒ©Òµ,54.91,56.5,54.6,56.06,56.15,-1.24,-2.2084,0.8723,1807449,99772740.29,13891131800.0,11378120355.6
2011-01-06,'002038,Ë«ðØÒ©Òµ,56.15,57.74,55.8,57.5,57.3,-1.15,-2.007,0.4753,984838,55310624.82,14204827000.0,11635065707.0
2011-01-05,'002038,Ë«ðØÒ©Òµ,57.3,58.5,57.11,57.5,58.5,-1.2,-2.0513,0.5828,1207740,69668339.47,14495754000.0,11873361798.9
2011-01-04,'002038,Ë«ðØÒ©Òµ,58.5,59.8,57.0,59.01,59.0,-0.5,-0.8475,1.0726,2222640,129132486.93,14799330000.0,12122018590.5
2010-12-31,'002038,Ë«ðØÒ©Òµ,59.0,59.5,56.53,56.98,56.8,2.2,3.8732,1.946,4032442,231803201.79,14925820000.0,12225625587.0
2010-12-30,'002038,Ë«ðØÒ©Òµ,56.8,57.45,55.8,56.2,55.85,0.95,1.701,1.7687,3665061,207946334.71,14369264000.0,11769754802.4
2010-12-29,'002038,Ë«ðØÒ©Òµ,55.85,56.16,52.52,53.34,53.38,2.47,4.6272,1.3683,2835332,155358775.28,14128933000.0,11572901509.0
2010-12-28,'002038,Ë«ðØÒ©Òµ,53.38,53.8,50.0,52.08,53.0,0.38,0.717,0.5714,1184033,61434868.23,13504072400.0,11061082946.3
2010-12-27,'002038,Ë«ðØÒ©Òµ,53.0,56.07,52.68,55.6,55.56,-2.56,-4.6076,1.3249,2745325,147758362.47,13407940000.0,10982341629.0
2010-12-24,'002038,Ë«ðØÒ©Òµ,55.56,56.28,55.12,55.12,56.0,-0.44,-0.7857,0.4913,1018108,56620134.77,14055568800.0,11512809451.1
2010-12-23,'002038,Ë«ðØÒ©Òµ,56.0,56.57,55.1,56.4,56.4,-0.4,-0.7092,0.3006,622984,34833948.77,14166880000.0,11603983608.0
2010-12-22,'002038,Ë«ðØÒ©Òµ,56.4,56.75,55.38,56.5,56.5,-0.1,-0.177,0.6649,1377796,77025434.75,14268072000.0,11686869205.2
2010-12-21,'002038,Ë«ðØÒ©Òµ,56.5,56.79,55.68,56.5,55.99,0.51,0.9109,0.6423,1330962,74919937.29,14293370000.0,11707590604.5
2010-12-20,'002038,Ë«ðØÒ©Òµ,55.99,57.12,55.2,56.79,56.84,-0.85,-1.4954,0.8077,1673653,93872664.49,14164350200.0,11601911468.1
2010-12-17,'002038,Ë«ðØÒ©Òµ,56.84,57.74,56.58,57.3,56.8,0.04,0.0704,0.5059,1048386,59796113.25,14379383200.0,11778043362.1
2010-12-16,'002038,Ë«ðØÒ©Òµ,56.8,57.31,56.1,56.25,55.62,1.18,2.1215,0.8821,1827809,103643516.4,14369264000.0,11769754802.4
2010-12-15,'002038,Ë«ðØÒ©Òµ,55.62,56.98,55.5,56.98,57.17,-1.55,-2.7112,0.7032,1457067,81736625.85,14070747600.0,11525242290.7
2010-12-14,'002038,Ë«ðØÒ©Òµ,57.17,58.03,55.5,58.03,57.8,-0.63,-1.09,1.4514,3007543,169670984.12,14462866600.0,11846423979.8
2010-12-13,'002038,Ë«ðØÒ©Òµ,57.8,59.23,57.0,58.0,57.98,-0.18,-0.3105,0.6257,1296486,74905622.96,14622244000.0,11976968795.4
2010-12-10,'002038,Ë«ðØÒ©Òµ,57.98,58.0,56.18,56.18,57.0,0.98,1.7193,0.236,489064,28087634.14,14667780400.0,12014267314.1
2010-12-09,'002038,Ë«ðØÒ©Òµ,57.0,59.5,56.88,59.4,59.03,-2.03,-3.4389,0.5821,1206142,69478176.71,14419860000.0,11811197601.0
2010-12-08,'002038,Ë«ðØÒ©Òµ,59.03,59.93,58.48,58.65,58.65,0.38,0.6479,0.4397,911043,54251566.95,14933409400.0,12231842006.8
2010-12-07,'002038,Ë«ðØÒ©Òµ,58.65,59.85,56.1,56.82,57.0,1.65,2.8947,0.3895,807036,46900655.95,14837277000.0,12153100689.5
2010-12-06,'002038,Ë«ðØÒ©Òµ,57.0,59.93,56.01,59.18,59.0,-2.0,-3.3898,0.6076,1259084,72122565.02,14419860000.0,11811197601.0
2010-12-03,'002038,Ë«ðØÒ©Òµ,59.0,60.17,58.5,59.61,60.0,-1.0,-1.6667,0.5278,1093706,64898458.34,14925820000.0,12225625587.0
2010-12-02,'002038,Ë«ðØÒ©Òµ,60.0,61.67,59.0,61.29,60.4,-0.4,-0.6623,0.5694,1179935,71624113.96,15178800000.0,12432839580.0
2010-12-01,'002038,Ë«ðØÒ©Òµ,60.4,61.58,60.18,61.58,61.48,-1.08,-1.7567,0.4179,866020,52509147.46,15279992000.0,12515725177.2
2010-11-30,'002038,Ë«ðØÒ©Òµ,61.48,63.65,59.5,62.01,63.12,-1.64,-2.5982,0.7453,1544374,94779787.37,15553210400.0,12739516289.6
2010-11-29,'002038,Ë«ðØÒ©Òµ,63.12,64.45,60.85,63.52,63.5,-0.38,-0.5984,0.7661,1587506,100227635.8,15968097600.0,13079347238.2
2010-11-26,'002038,Ë«ðØÒ©Òµ,63.5,63.66,62.0,62.8,62.8,0.7,1.1146,0.475,984332,62138961.72,16064230000.0,13158088555.5
2010-11-25,'002038,Ë«ðØÒ©Òµ,62.8,63.58,60.8,62.0,62.79,0.01,0.0159,0.7471,1548123,95741285.73,15887144000.0,13013038760.4
2010-11-24,'002038,Ë«ðØÒ©Òµ,62.79,63.23,58.76,58.76,58.96,3.83,6.4959,1.1547,2392674,147296759.54,15884614200.0,13010966620.5
2010-11-23,'002038,Ë«ðØÒ©Òµ,58.96,61.48,58.0,59.5,60.62,-1.66,-2.7384,0.844,1748797,103312256.11,14915700800.0,12217337027.3
2010-11-22,'002038,Ë«ðØÒ©Òµ,60.62,62.5,59.9,60.51,60.95,-0.33,-0.5414,0.7744,1604746,97054086.42,15335647600.0,12561312255.7
2010-11-19,'002038,Ë«ðØÒ©Òµ,60.95,61.0,57.8,57.8,57.61,3.34,5.7976,0.9205,1907417,114116757.62,15419131000.0,12629692873.4
2010-11-18,'002038,Ë«ðØÒ©Òµ,57.61,59.1,55.89,55.89,55.88,1.73,3.0959,1.1887,2463090,141775509.8,14574177800.0,11937598136.7
2010-11-17,'002038,Ë«ðØÒ©Òµ,55.88,59.69,54.72,58.42,59.9,-4.02,-6.7112,1.5612,3235088,182872167.24,14136522400.0,11579117928.8
2010-11-16,'002038,Ë«ðØÒ©Òµ,59.9,64.2,58.88,61.3,62.35,-2.45,-3.9294,1.2219,2532007,152952808.24,15153502000.0,12412118180.7
2010-11-15,'002038,Ë«ðØÒ©Òµ,62.35,62.8,58.5,60.18,60.18,2.17,3.6058,0.8974,1859475,112902393.08,15773303000.0,12919792463.5
2010-11-12,'002038,Ë«ðØÒ©Òµ,60.18,60.47,58.04,59.0,59.38,0.8,1.3473,0.8513,1763979,104555533.34,15224336400.0,12470138098.7
2010-11-11,'002038,Ë«ðØÒ©Òµ,59.38,61.38,58.5,60.63,60.61,-1.23,-2.0294,1.1779,2440811,145412822.03,15021952400.0,12304366904.3
2010-11-10,'002038,Ë«ðØÒ©Òµ,60.61,65.5,59.57,62.3,62.33,-1.72,-2.7595,1.0221,2117851,132183471.79,15333117800.0,12559240115.7
2010-11-09,'002038,Ë«ðØÒ©Òµ,62.33,62.38,59.01,59.66,59.62,2.71,4.5455,0.6607,1369069,84062436.38,15768243400.0,12915648183.7
2010-11-08,'002038,Ë«ðØÒ©Òµ,59.62,60.28,56.8,57.4,57.47,2.15,3.7411,0.8809,1825307,108354723.85,15082667600.0,12354098262.7
2010-11-05,'002038,Ë«ðØÒ©Òµ,57.47,57.6,56.71,57.12,57.22,0.25,0.4369,0.4037,836550,47817584.78,14538760600.0,11908588177.7
2010-11-04,'002038,Ë«ðØÒ©Òµ,57.22,57.6,53.77,53.97,54.1,3.12,5.7671,0.7516,1557453,86177364.44,14475515600.0,11856784679.5
2010-11-03,'002038,Ë«ðØÒ©Òµ,54.1,55.18,53.58,54.07,54.5,-0.4,-0.7339,0.7419,1537275,83750071.24,13686218000.0,11210277021.3
2010-11-02,'002038,Ë«ðØÒ©Òµ,54.5,55.82,53.0,55.82,55.82,-1.32,-2.3647,1.1625,2408950,130393722.39,13787410000.0,11293162618.5
2010-11-01,'002038,Ë«ðØÒ©Òµ,55.82,57.45,54.0,55.51,56.0,-0.18,-0.3214,0.7962,1649924,91585669.87,14121343600.0,11566685089.3
2010-10-29,'002038,Ë«ðØÒ©Òµ,56.0,56.1,53.68,54.6,54.99,1.01,1.8367,1.144,2370528,129816192.89,14166880000.0,11603983608.0
2010-10-28,'002038,Ë«ðØÒ©Òµ,54.99,56.0,53.04,54.01,54.65,0.34,0.6221,0.9456,1959488,107709233.18,13911370200.0,11394697475.1
2010-10-27,'002038,Ë«ðØÒ©Òµ,54.65,56.7,52.8,52.8,52.15,2.5,4.7939,1.539,3188959,174372941.45,13825357000.0,11324244717.5
2010-10-26,'002038,Ë«ðØÒ©Òµ,52.15,52.75,51.3,52.13,53.0,-0.85,-1.6038,0.7298,1512336,78500024.06,13192907000.0,10806209735.0
2010-10-25,'002038,Ë«ðØÒ©Òµ,53.0,53.88,48.88,49.13,49.8,3.2,6.4257,1.7514,3629163,183801264.85,13407940000.0,10982341629.0
2010-10-22,'002038,Ë«ðØÒ©Òµ,49.8,50.15,47.51,49.39,49.2,0.6,1.2195,1.5741,3261812,159162369.96,12598404000.0,10319256851.4
2010-10-21,'002038,Ë«ðØÒ©Òµ,49.2,49.78,48.51,48.66,48.18,1.02,2.1171,2.1215,4394108,215909523.65,12392496000.0,10190512263.6
2010-10-20,'002038,Ë«ðØÒ©Òµ,48.18,49.79,46.53,46.87,47.42,0.76,1.6027,2.1809,4517094,219147278.31,12135578400.0,9979245545.94
2010-10-19,'002038,Ë«ðØÒ©Òµ,47.42,47.48,43.97,43.97,44.2,3.22,7.2851,1.9415,4021281,187328307.52,11944149600.0,9821831128.86
2010-10-18,'002038,Ë«ðØÒ©Òµ,44.2,44.7,41.86,43.99,42.84,1.36,3.1746,3.09,6400195,278398806.78,11133096000.0,9154891098.6
2010-10-15,'002038,Ë«ðØÒ©Òµ,42.84,43.5,42.1,42.1,42.1,0.74,1.7577,1.4594,3022681,128921281.39,10790539200.0,8873202141.72
2010-10-14,'002038,Ë«ðØÒ©Òµ,42.1,44.58,41.98,44.1,44.3,-2.2,-4.9661,1.5102,3127968,134284275.43,10604148000.0,8719930209.3
2010-10-13,'002038,Ë«ðØÒ©Òµ,44.3,44.77,43.73,44.51,45.1,-0.8,-1.7738,1.3311,2756998,121750052.27,11158284000.0,9175603521.9
2010-10-12,'002038,Ë«ðØÒ©Òµ,45.1,45.28,43.2,43.98,45.43,-0.33,-0.7264,1.9078,3951429,175547926.91,11359788000.0,9341302908.3
2010-10-11,'002038,Ë«ðØÒ©Òµ,45.43,47.55,44.4,47.55,47.55,-2.12,-4.4585,2.0392,4223716,192792781.53,11442908400.0,9409653905.19
2010-10-08,'002038,Ë«ðØÒ©Òµ,47.55,48.09,46.98,47.8,46.94,0.61,1.2995,0.8672,1796194,85406870.31,11976894000.0,9848757279.15
2010-09-30,'002038,Ë«ðØÒ©Òµ,46.94,47.5,44.55,45.0,45.2,1.74,3.8496,1.0744,2225270,103840122.73,11823247200.0,9722411497.02
2010-09-29,'002038,Ë«ðØÒ©Òµ,45.2,46.98,44.85,46.97,46.97,-1.77,-3.7684,1.0991,2276567,103774291.36,11384976000.0,9362015331.6
2010-09-28,'002038,Ë«ðØÒ©Òµ,46.97,47.3,44.72,45.0,45.1,1.87,4.1463,1.3774,2852882,132222685.61,11830803600.0,9728625224.01
2010-09-27,'002038,Ë«ðØÒ©Òµ,45.1,45.48,44.0,44.0,43.99,1.11,2.5233,1.1809,2445910,109867226.17,11359788000.0,9341302908.3
2010-09-21,'002038,Ë«ðØÒ©Òµ,43.99,44.19,43.3,43.92,44.0,-0.01,-0.0227,2.1017,4353183,189998998.6,11080201200.0,9111395009.67
2010-09-20,'002038,Ë«ðØÒ©Òµ,44.0,45.3,43.56,45.3,45.29,-1.29,-2.8483,1.7736,3673576,161589828.7,11082720000.0,9113466252.0
2010-09-17,'002038,Ë«ðØÒ©Òµ,45.29,45.59,43.81,43.81,43.77,1.52,3.4727,0.9579,1984054,89160610.22,11407645200.0,9380656512.57
2010-09-16,'002038,Ë«ðØÒ©Òµ,43.77,46.06,43.5,45.99,45.99,-2.22,-4.8271,2.0127,4168719,185964091.33,11024787600.0,9065827678.41
2010-09-15,'002038,Ë«ðØÒ©Òµ,45.99,47.27,45.59,47.27,47.26,-1.27,-2.6873,1.011,2094079,97195485.85,11583961200.0,9525643475.67
2010-09-14,'002038,Ë«ðØÒ©Òµ,47.26,47.42,46.2,47.04,47.18,0.08,0.1696,1.0455,2165498,101568613.36,11903848800.0,9788691251.58
2010-09-13,'002038,Ë«ðØÒ©Òµ,47.18,48.57,46.8,48.56,48.55,-1.37,-2.8218,1.5027,3112369,147514032.77,11883698400.0,9772121312.94
2010-09-10,'002038,Ë«ðØÒ©Òµ,48.55,48.66,45.5,47.29,47.3,1.25,2.6427,1.4437,2990214,141000025.4,12228774000.0,10055881512.1
2010-09-09,'002038,Ë«ðØÒ©Òµ,47.3,49.07,47.2,48.47,47.9,-0.6,-1.2526,2.7712,5739780,276323963.33,11913924000.0,9796976220.9
2010-09-08,'002038,Ë«ðØÒ©Òµ,47.9,48.6,47.5,47.53,48.01,-0.11,-0.2291,1.1447,2371018,113825961.02,12065052000.0,9921250760.7
2010-09-07,'002038,Ë«ðØÒ©Òµ,48.01,49.48,47.18,49.3,49.28,-1.27,-2.5771,0.9116,1888130,90208432.11,12092758800.0,9944034426.33
2010-09-06,'002038,Ë«ðØÒ©Òµ,49.28,49.9,47.8,48.5,48.29,0.99,2.0501,1.5675,3246600,158194011.96,12412646400.0,10207082202.2
2010-09-03,'002038,Ë«ðØÒ©Òµ,48.29,48.87,47.47,47.9,47.92,0.37,0.7721,0.7006,1451166,69894144.0,12163285200.0,10002029211.6
2010-09-02,'002038,Ë«ðØÒ©Òµ,47.92,48.59,47.3,47.3,47.85,0.07,0.1463,1.3925,2884106,138094748.78,12070089600.0,9925393245.36
2010-09-01,'002038,Ë«ðØÒ©Òµ,47.85,48.69,46.61,48.6,48.76,-0.91,-1.8663,1.7409,3605787,171589363.2,12052458000.0,9910894549.05
2010-08-31,'002038,Ë«ðØÒ©Òµ,48.76,50.0,45.51,45.51,46.21,2.55,5.5183,3.6655,7592181,361420685.32,12281668800.0,10099377601.1
2010-08-30,'002038,Ë«ðØÒ©Òµ,46.21,46.21,42.1,42.12,42.01,4.2,9.9976,3.539,7330078,337109593.43,11639374800.0,9571210806.93
2010-08-27,'002038,Ë«ðØÒ©Òµ,42.01,42.6,40.2,40.3,40.28,1.73,4.2949,1.0146,2101503,87276384.58,10581478800.0,8701289028.33
2010-08-26,'002038,Ë«ðØÒ©Òµ,40.28,40.4,39.85,39.9,39.98,0.3,0.7504,0.7892,1634708,65657255.72,10145726400.0,8342964105.24
2010-08-25,'002038,Ë«ðØÒ©Òµ,39.98,40.1,39.2,39.99,40.26,-0.28,-0.6955,0.792,1640417,65355112.07,10070162400.0,8280826835.34
2010-08-24,'002038,Ë«ðØÒ©Òµ,40.26,40.55,39.0,39.7,39.78,0.48,1.2066,0.8806,1823954,72719484.0,10140688800.0,8338821620.58
2010-08-23,'002038,Ë«ðØÒ©Òµ,39.78,40.0,38.86,39.27,39.18,0.6,1.5314,1.3117,2716812,106754496.01,10019786400.0,8239401988.74
2010-08-20,'002038,Ë«ðØÒ©Òµ,39.18,41.45,38.99,41.45,41.46,-2.28,-5.4993,2.5282,5236534,209283272.02,9868658400.0,8115127448.94
2010-08-19,'002038,Ë«ðØÒ©Òµ,41.46,43.8,41.34,43.49,43.29,-1.83,-4.2273,2.0264,4197250,176943183.67,10442944800.0,8587370700.18
2010-08-18,'002038,Ë«ðØÒ©Òµ,43.29,44.8,43.25,44.6,44.59,-1.3,-2.9155,1.0267,2126590,92962693.48,10903885200.0,8966408046.57
2010-08-17,'002038,Ë«ðØÒ©Òµ,44.59,45.39,44.11,44.8,44.3,0.29,0.6546,0.7571,1568232,70357313.65,11231329200.0,9235669549.47
2010-08-16,'002038,Ë«ðØÒ©Òµ,44.3,44.96,42.21,42.99,43.0,1.3,3.0233,0.7622,1578640,69627828.96,11158284000.0,9175603521.9
2010-08-13,'002038,Ë«ðØÒ©Òµ,43.0,43.48,42.23,43.03,43.4,-0.4,-0.9217,0.7348,1522049,64695070.68,10830840000.0,8906342019.0
2010-08-12,'002038,Ë«ðØÒ©Òµ,43.4,43.5,42.52,43.3,43.5,-0.1,-0.2299,0.411,851372,36679293.93,10931592000.0,8989191712.2
2010-08-11,'002038,Ë«ðØÒ©Òµ,43.5,43.85,42.62,42.86,42.81,0.69,1.6118,0.6637,1374592,59325351.22,10956780000.0,9009904135.5
2010-08-10,'002038,Ë«ðØÒ©Òµ,42.81,45.35,42.55,44.67,44.6,-1.79,-4.0135,1.2052,2496190,109844717.6,10782982800.0,8866988414.73
2010-08-09,'002038,Ë«ðØÒ©Òµ,44.6,44.97,43.07,43.08,43.07,1.53,3.5524,0.9363,1939370,86022172.58,11233848000.0,9237740791.8
2010-08-06,'002038,Ë«ðØÒ©Òµ,43.07,43.49,41.2,41.49,41.5,1.57,3.7831,1.4676,3039825,130567711.11,10848471600.0,8920840715.31
2010-08-05,'002038,Ë«ðØÒ©Òµ,41.5,42.65,40.61,41.01,41.0,0.5,1.2195,1.5689,3249555,135223726.36,10453020000.0,8595655669.5
2010-08-04,'002038,Ë«ðØÒ©Òµ,41.0,41.39,39.9,40.5,40.38,0.62,1.5354,0.8771,1816735,73822429.9,10327080000.0,8492093553.0
2010-08-03,'002038,Ë«ðØÒ©Òµ,40.38,41.5,40.38,41.5,41.0,-0.62,-1.5122,0.5214,1080030,44032347.87,10170914400.0,8363676528.54
2010-08-02,'002038,Ë«ðØÒ©Òµ,41.0,41.58,39.65,39.98,39.89,1.11,2.7827,0.8993,1862654,75861450.42,10327080000.0,8492093553.0
2010-07-30,'002038,Ë«ðØÒ©Òµ,39.89,40.0,39.3,39.32,39.55,0.34,0.8597,0.5929,1228102,48609045.62,10047493200.0,8262185654.37
2010-07-29,'002038,Ë«ðØÒ©Òµ,39.55,41.15,39.3,40.91,40.87,-1.32,-3.2298,0.9043,1873107,74954143.86,9961854000.0,8191763415.15
2010-07-28,'002038,Ë«ðØÒ©Òµ,40.87,41.2,40.51,40.78,40.76,0.11,0.2699,0.7281,1508101,61719955.09,10294335600.0,8465167402.71
2010-07-27,'002038,Ë«ðØÒ©Òµ,40.76,41.24,40.12,40.5,40.96,-0.2,-0.4883,1.0679,2211833,90255075.29,10266628800.0,8442383737.08
2010-07-26,'002038,Ë«ðØÒ©Òµ,40.96,41.0,39.3,39.69,39.8,1.16,2.9146,0.5078,1051677,42205197.14,10317004800.0,8483808583.68
2010-07-23,'002038,Ë«ðØÒ©Òµ,39.8,39.85,38.4,38.7,38.99,0.81,2.0775,0.8089,1675518,65708212.38,10024824000.0,8243544473.4
2010-07-22,'002038,Ë«ðØÒ©Òµ,38.99,39.0,37.82,38.43,38.71,0.28,0.7233,0.8914,1846384,70782713.83,9820801200.0,8075773844.67
2010-07-21,'002038,Ë«ðØÒ©Òµ,38.71,39.18,36.9,36.9,36.98,1.73,4.6782,1.3491,2794396,106488679.38,9750274800.0,8017779059.43
2010-07-20,'002038,Ë«ðØÒ©Òµ,36.98,37.28,35.1,35.5,35.32,1.66,4.6999,1.1796,2443233,88855192.58,9314522400.0,7659454136.34
2010-07-19,'002038,Ë«ðØÒ©Òµ,35.32,35.5,34.19,34.19,34.76,0.56,1.611,0.7312,1514580,52823806.53,8896401600.0,7315627909.56
2010-07-16,'002038,Ë«ðØÒ©Òµ,34.76,34.98,34.07,34.45,34.8,-0.04,-0.1149,0.2394,495840,17021470.58,8755348800.0,7199638339.08
2010-07-15,'002038,Ë«ðØÒ©Òµ,34.8,35.77,34.52,34.52,34.8,0.0,0.0,0.5305,1098851,38678934.91,8765424000.0,7207923308.4
2010-07-14,'002038,Ë«ðØÒ©Òµ,34.8,35.2,34.01,34.69,34.4,0.4,1.1628,0.6757,1399509,48754026.0,8765424000.0,7207923308.4
2010-07-13,'002038,Ë«ðØÒ©Òµ,34.4,35.86,33.9,35.5,35.87,-1.47,-4.0981,0.6458,1337529,46747667.85,8664672000.0,7125073615.2
2010-07-12,'002038,Ë«ðØÒ©Òµ,35.87,36.6,35.15,36.28,36.38,-0.51,-1.4019,0.8921,1847656,66447753.04,9034935600.0,7429546237.71
2010-07-09,'002038,Ë«ðØÒ©Òµ,36.38,37.0,35.2,36.16,36.0,0.38,1.0556,0.4991,1027904,37276423.17,9149424480.0,7492377617.04
2010-07-08,'002038,Ë«ðØÒ©Òµ,36.0,36.25,35.43,35.97,36.0,0.0,0.0,0.8293,1707979,61311599.2,9053856000.0,7414117488.0
2010-07-07,'002038,Ë«ðØÒ©Òµ,36.0,36.2,34.7,35.11,35.15,0.85,2.4182,0.5892,1213462,43032749.38,9053856000.0,7414117488.0
2010-07-06,'002038,Ë«ðØÒ©Òµ,35.15,35.48,33.86,34.17,34.38,0.77,2.2397,0.8037,1655300,58008401.53,8840084400.0,7239061936.2
2010-07-05,'002038,Ë«ðØÒ©Òµ,34.38,34.5,32.05,32.1,33.0,1.38,4.1818,0.7531,1550934,52073352.13,8646432480.0,7080482201.04
2010-07-02,'002038,Ë«ðØÒ©Òµ,33.0,33.73,31.03,33.73,33.73,-0.73,-2.1642,2.4333,5011358,161387429.29,8299368000.0,6796274364.0
2010-07-01,'002038,Ë«ðØÒ©Òµ,33.73,37.32,33.73,37.0,37.48,-3.75,-10.0053,1.2258,2524554,89106018.99,8482960080.0,6946616190.84
2010-06-30,'002038,Ë«ðØÒ©Òµ,37.48,37.5,35.03,35.2,35.92,1.56,4.343,1.4702,3027757,111493338.95,9426070080.0,7718920095.84
2010-06-29,'002038,Ë«ðØÒ©Òµ,35.92,36.98,34.71,36.88,36.8,-0.88,-2.3913,1.071,2205750,79408080.42,9033736320.0,7397641671.36
2010-06-28,'002038,Ë«ðØÒ©Òµ,36.8,36.8,35.68,36.0,35.9,0.9,2.507,1.0339,2129385,77683665.56,9255052800.0,7578875654.4
2010-06-25,'002038,Ë«ðØÒ©Òµ,35.9,38.5,35.6,38.36,38.1,-2.2,-5.7743,1.8078,3723090,136826637.51,9028706400.0,7393522717.2
2010-06-24,'002038,Ë«ðØÒ©Òµ,38.1,38.98,38.06,38.8,38.6,-0.5,-1.2953,1.1439,2355762,90374678.25,9581997600.0,7846607674.8
2010-06-23,'002038,Ë«ðØÒ©Òµ,38.6,40.21,38.58,39.1,39.7,-1.1,-2.7708,0.8063,1660635,65256947.57,9707745600.0,7949581528.8
2010-06-22,'002038,Ë«ðØÒ©Òµ,39.7,41.0,39.38,39.53,40.05,-0.35,-0.8739,0.5976,1230834,49412993.08,9984391200.0,8176124007.6
2010-06-21,'002038,Ë«ðØÒ©Òµ,40.05,40.1,37.51,40.1,40.5,-0.45,-1.1111,1.5319,3154826,124161314.99,10072414800.0,8248205705.4
2010-06-18,'002038,Ë«ðØÒ©Òµ,40.5,43.99,39.85,43.88,44.15,-3.65,-8.2673,2.769,5702720,233085179.68,10185588000.0,8340882174.0
2010-06-17,'002038,Ë«ðØÒ©Òµ,44.15,48.99,44.1,48.99,49.0,-4.85,-9.898,1.8087,3724905,170197290.37,11103548400.0,9092591308.2
2010-06-11,'002038,Ë«ðØÒ©Òµ,49.0,50.01,48.58,50.01,49.99,-0.99,-1.9804,0.5559,1144864,55970618.38,12323304000.0,10091437692.0
2010-06-10,'002038,Ë«ðØÒ©Òµ,49.99,50.5,48.5,48.75,48.97,1.02,2.0829,0.5821,1198792,59826138.02,12572285040.0,10295325922.9
2010-06-09,'002038,Ë«ðØÒ©Òµ,48.97,49.61,47.0,47.11,47.19,1.78,3.772,0.7791,1604589,76897062.45,12315759120.0,10085259260.8
2010-06-08,'002038,Ë«ðØÒ©Òµ,47.19,47.21,46.44,46.6,46.75,0.44,0.9412,0.5633,1160134,54475308.24,11868096240.0,9718672340.52
2010-06-07,'002038,Ë«ðØÒ©Òµ,46.75,47.2,46.0,46.5,47.04,-0.29,-0.6165,0.3494,719620,33653226.5,11757438000.0,9628055349.0
2010-06-04,'002038,Ë«ðØÒ©Òµ,47.04,47.85,46.21,46.45,46.5,0.54,1.1613,0.6817,1403853,65760625.15,11830371840.0,9687780184.32
2010-06-03,'002038,Ë«ðØÒ©Òµ,46.5,47.49,46.0,46.93,47.02,-0.52,-1.1059,0.3992,822081,38441966.36,11694564000.0,9576568422.0
2010-06-02,'002038,Ë«ðØÒ©Òµ,47.02,47.8,45.5,47.6,47.69,-0.67,-1.4049,0.7174,1477487,68428049.51,11825341920.0,9683661230.16
2010-06-01,'002038,Ë«ðØÒ©Òµ,47.69,48.35,46.6,47.0,48.28,-0.59,-1.222,0.3762,774693,36757450.49,11993844240.0,9821646194.52
2010-05-31,'002038,Ë«ðØÒ©Òµ,48.28,49.79,48.28,49.47,49.8,-1.52,-3.0522,0.8598,1770686,86621943.65,12142226880.0,9943155342.24
2010-05-28,'002038,Ë«ðØÒ©Òµ,50.0,50.28,48.82,50.0,49.87,0.13,0.2607,0.4332,892165,44304125.08,12574800000.0,10297385400.0
2010-05-27,'002038,Ë«ðØÒ©Òµ,49.87,50.1,48.16,48.6,48.82,1.05,2.1508,0.3042,626590,31080465.94,12542105520.0,10270612198.0
2010-05-26,'002038,Ë«ðØÒ©Òµ,48.82,49.0,48.0,48.54,48.52,0.3,0.6183,0.172,354330,17172533.77,12278034720.0,10054367104.6
2010-05-25,'002038,Ë«ðØÒ©Òµ,48.52,48.56,47.31,47.36,47.36,1.16,2.4493,0.4805,989679,47523257.36,12202585920.0,9992582792.16
2010-05-24,'002038,Ë«ðØÒ©Òµ,47.36,48.51,47.0,48.51,46.7,0.66,1.4133,0.5987,1233061,58921547.78,11910850560.0,9753683450.88
2010-05-21,'002038,Ë«ðØÒ©Òµ,46.7,47.6,44.0,46.16,46.51,0.19,0.4085,0.3531,727201,33670760.87,11744863200.0,9617757963.6
2010-05-20,'002038,Ë«ðØÒ©Òµ,46.51,47.98,46.51,46.88,47.8,-1.29,-2.6987,0.2665,548907,25717979.9,11697078960.0,9578627899.08
2010-05-19,'002038,Ë«ðØÒ©Òµ,47.8,48.77,45.8,47.4,47.7,0.1,0.2096,0.3862,795450,37288541.69,12021508800.0,9844300442.4
2010-05-18,'002038,Ë«ðØÒ©Òµ,47.7,49.38,47.12,48.69,48.69,-0.99,-2.0333,0.3459,712391,33890863.99,11996359200.0,9823705671.6
2010-05-17,'002038,Ë«ðØÒ©Òµ,48.69,49.78,48.16,49.76,49.6,-0.91,-1.8347,0.312,642629,31494578.04,12245340240.0,10027593902.5
2010-05-14,'002038,Ë«ðØÒ©Òµ,49.6,50.5,48.0,48.2,48.39,1.21,2.5005,0.3943,812077,40453472.12,12474201600.0,10215006316.8
2010-05-13,'002038,Ë«ðØÒ©Òµ,48.39,48.4,47.02,47.58,47.65,0.74,1.553,0.2288,471111,22441175.34,12169891440.0,9965809590.12
2010-05-12,'002038,Ë«ðØÒ©Òµ,0.0,0.0,0.0,0.0,47.65,None,None,0.0,0,0.0,11983784400.0,9813408286.2
2010-05-11,'002038,Ë«ðØÒ©Òµ,47.65,48.88,47.01,48.16,48.17,-0.52,-1.0795,0.104,214155,10213143.0,11983784400.0,9813408286.2
2010-05-10,'002038,Ë«ðØÒ©Òµ,48.17,48.96,46.75,48.5,48.5,-0.33,-0.6804,0.3686,759070,36335861.91,12114562320.0,9920501094.36
2010-05-07,'002038,Ë«ðØÒ©Òµ,48.5,50.2,48.0,49.01,49.9,-1.4,-2.8056,0.5423,1116819,54933070.1,12197556000.0,9988463838.0
2010-05-06,'002038,Ë«ðØÒ©Òµ,49.9,50.78,48.87,49.93,49.98,-0.08,-0.1601,0.501,1031737,51158398.49,12549650400.0,10276790629.2
2010-05-05,'002038,Ë«ðØÒ©Òµ,49.98,50.04,48.01,48.85,48.85,1.13,2.3132,0.3091,636555,31725315.17,12569770080.0,10293266445.8
2010-05-04,'002038,Ë«ðØÒ©Òµ,48.85,49.5,46.58,46.58,47.48,1.37,2.8854,0.463,953563,46677259.9,12285579600.0,10060545535.8
2010-04-30,'002038,Ë«ðØÒ©Òµ,47.48,48.6,46.64,48.5,48.6,-1.12,-2.3045,0.3159,650618,30810388.9,11941030080.0,9778397175.84
2010-04-29,'002038,Ë«ðØÒ©Òµ,48.6,51.57,48.45,51.1,51.34,-2.74,-5.337,0.5864,1207753,60599079.76,12222705600.0,10009058608.8
2010-04-28,'002038,Ë«ðØÒ©Òµ,51.34,51.9,50.01,51.1,51.18,0.16,0.3126,0.2535,522014,26879268.09,12911804640.0,10573355328.7
2010-04-27,'002038,Ë«ðØÒ©Òµ,51.18,52.24,49.05,52.24,51.81,-0.63,-1.216,0.9789,2016108,101846402.08,12871565280.0,10540403695.4
2010-04-26,'002038,Ë«ðØÒ©Òµ,51.81,52.4,50.88,52.0,52.08,-0.27,-0.5184,0.6759,1391907,72062365.15,13030007760.0,10670150751.5
2010-04-23,'002038,Ë«ðØÒ©Òµ,52.08,52.99,51.9,52.99,52.97,-0.89,-1.6802,0.903,1859685,97088027.99,13097911680.0,10725756632.6
2010-04-22,'002038,Ë«ðØÒ©Òµ,52.97,55.15,52.0,52.9,53.9,-0.93,-1.7254,1.3221,2722841,145637302.82,13321743120.0,10909050092.8
2010-04-21,'002038,Ë«ðØÒ©Òµ,53.9,55.18,52.7,52.7,52.71,1.19,2.2576,1.2538,2582151,140023113.24,13555634400.0,11100581461.2
2010-04-20,'002038,Ë«ðØÒ©Òµ,52.71,53.62,49.96,50.5,50.61,2.1,4.1494,0.9051,1863946,97280200.48,13256354160.0,10855503688.7
2010-04-19,'002038,Ë«ðØÒ©Òµ,50.61,51.48,48.75,48.82,49.7,0.91,1.831,1.8572,3824761,194099459.87,12728212560.0,10423013501.9
2010-04-16,'002038,Ë«ðØÒ©Òµ,0.0,0.0,0.0,0.0,49.7,None,None,0.0,0,0.0,12499351200.0,10235601087.6
2010-04-15,'002038,Ë«ðØÒ©Òµ,49.7,51.0,49.0,50.97,50.82,-1.12,-2.2039,0.7111,1464423,72678130.78,12499351200.0,10235601087.6
2010-04-14,'002038,Ë«ðØÒ©Òµ,50.82,51.7,50.0,51.17,51.01,-0.19,-0.3725,0.6048,1245664,63575891.19,12781026720.0,10466262520.6
2010-04-13,'002038,Ë«ðØÒ©Òµ,51.01,52.28,49.89,50.92,50.9,0.11,0.2161,1.0698,2203301,113416069.97,12828810960.0,10505392585.1
2010-04-12,'002038,Ë«ðØÒ©Òµ,50.9,51.7,49.83,50.07,50.02,0.88,1.7593,0.9997,2058861,104980791.23,12801146400.0,10482738337.2
2010-04-09,'002038,Ë«ðØÒ©Òµ,50.02,50.5,48.41,48.8,49.0,1.02,2.0816,1.2578,2590477,129211946.35,12579829920.0,10301504354.2
2010-04-08,'002038,Ë«ðØÒ©Òµ,49.0,49.18,46.2,46.29,46.3,2.7,5.8315,1.9551,4026508,192993288.2,12323304000.0,10091437692.0
2010-04-07,'002038,Ë«ðØÒ©Òµ,46.3,46.4,45.9,46.1,46.3,0.0,0.0,0.4731,974283,44891837.49,11644264800.0,9535378880.4
2010-04-06,'002038,Ë«ðØÒ©Òµ,46.3,46.53,46.1,46.3,46.03,0.27,0.5866,0.4427,911716,42218376.08,11644264800.0,9535378880.4
2010-04-02,'002038,Ë«ðØÒ©Òµ,46.03,47.0,46.0,46.92,46.85,-0.82,-1.7503,0.5257,1082575,50164662.52,11576360880.0,9479772999.24
2010-04-01,'002038,Ë«ðØÒ©Òµ,46.85,46.88,46.0,46.58,46.24,0.61,1.3192,0.5531,1139000,52787330.94,11782587600.0,9648650119.8
2010-03-31,'002038,Ë«ðØÒ©Òµ,46.24,46.5,45.95,46.0,46.11,0.13,0.2819,0.3327,685158,31620008.59,11629175040.0,9523022017.92
2010-03-30,'002038,Ë«ðØÒ©Òµ,46.11,47.45,45.98,47.19,47.19,-1.08,-2.2886,0.5138,1058090,48981945.93,11596480560.0,9496248815.88
2010-03-29,'002038,Ë«ðØÒ©Òµ,47.19,48.38,47.0,48.38,47.91,-0.72,-1.5028,0.1814,373690,17712744.49,11868096240.0,9718672340.52
2010-03-26,'002038,Ë«ðØÒ©Òµ,47.91,48.0,47.68,47.85,47.84,0.07,0.1463,0.1265,260509,12471088.86,12049173360.0,9866954690.28
2010-03-25,'002038,Ë«ðØÒ©Òµ,47.84,49.1,47.6,48.2,48.11,-0.27,-0.5612,0.2379,490041,23717487.35,12031568640.0,9852538350.72
2010-03-24,'002038,Ë«ðØÒ©Òµ,48.11,48.89,47.6,47.62,47.6,0.51,1.0714,0.5042,1038470,50171609.96,12099472560.0,9908144231.88
2010-03-23,'002038,Ë«ðØÒ©Òµ,47.6,47.6,46.01,46.47,45.95,1.65,3.5909,0.4983,1026157,48155068.5,11971209600.0,9803110900.8
2010-03-22,'002038,Ë«ðØÒ©Òµ,45.95,46.6,45.56,46.4,46.38,-0.43,-0.9271,0.3902,803673,36952023.55,11556241200.0,9463297182.6
2010-03-19,'002038,Ë«ðØÒ©Òµ,46.38,46.78,45.8,46.38,46.38,0.0,0.0,0.1662,342366,15781171.27,11664384480.0,9551854697.04
2010-03-18,'002038,Ë«ðØÒ©Òµ,46.38,46.87,45.91,46.39,46.0,0.38,0.8261,0.3693,760501,35376550.3,11664384480.0,9551854697.04
2010-03-17,'002038,Ë«ðØÒ©Òµ,46.0,46.27,45.18,45.21,45.06,0.94,2.0861,0.4669,961650,44062140.13,11568816000.0,9473594568.0
2010-03-16,'002038,Ë«ðØÒ©Òµ,45.06,46.8,45.05,46.0,46.01,-0.95,-2.0648,0.5399,1111890,50653044.26,11332409760.0,9280003722.48
2010-03-15,'002038,Ë«ðØÒ©Òµ,46.01,46.5,45.82,46.11,46.43,-0.42,-0.9046,0.3734,768908,35375029.01,11571330960.0,9475654045.08
2010-03-12,'002038,Ë«ðØÒ©Òµ,46.43,47.88,45.76,47.21,47.7,-1.27,-2.6625,0.6609,1361104,63932000.35,11676959280.0,9562152082.44
2010-03-11,'002038,Ë«ðØÒ©Òµ,47.7,48.7,47.28,48.12,47.99,-0.29,-0.6043,0.3612,743881,35429752.69,11996359200.0,9823705671.6
2010-03-10,'002038,Ë«ðØÒ©Òµ,47.99,49.98,47.5,49.9,49.5,-1.51,-3.0505,0.3376,695284,33900851.1,12069293040.0,9883430506.92
2010-03-09,'002038,Ë«ðØÒ©Òµ,49.5,50.34,49.3,49.76,50.4,-0.9,-1.7857,0.5156,1061800,52799365.01,12449052000.0,10194411546.0
2010-03-08,'002038,Ë«ðØÒ©Òµ,50.4,50.5,48.96,48.96,48.9,1.5,3.0675,1.654,3406308,169748229.55,12675398400.0,10379764483.2
2010-03-05,'002038,Ë«ðØÒ©Òµ,48.9,48.9,47.04,47.65,47.49,1.41,2.969,0.6541,1347063,65196963.38,12298154400.0,10070842921.2
2010-03-04,'002038,Ë«ðØÒ©Òµ,47.49,48.69,47.0,48.5,48.38,-0.89,-1.8396,0.275,566288,27212143.02,11943545040.0,9780456652.92
2010-03-03,'002038,Ë«ðØÒ©Òµ,48.38,49.0,47.91,48.41,48.66,-0.28,-0.5754,0.2253,464064,22473872.53,12167376480.0,9963750113.04
2010-03-02,'002038,Ë«ðØÒ©Òµ,48.66,49.4,48.61,49.37,49.36,-0.7,-1.4182,0.1224,252139,12342445.32,12237795360.0,10021415471.3
2010-03-01,'002038,Ë«ðØÒ©Òµ,49.36,49.79,48.45,49.37,49.37,-0.01,-0.0203,0.3194,657713,32179289.4,12413842560.0,10165578866.9
2010-02-26,'002038,Ë«ðØÒ©Òµ,49.37,50.0,49.15,49.91,50.0,-0.63,-1.26,0.3453,711094,35442778.28,12416357520.0,10167638344.0
2010-02-25,'002038,Ë«ðØÒ©Òµ,50.0,50.18,48.62,48.8,48.8,1.2,2.459,0.283,582752,28816187.61,12574800000.0,10297385400.0
2010-02-24,'002038,Ë«ðØÒ©Òµ,48.8,49.2,47.7,47.93,48.29,0.51,1.0561,0.2904,598035,29127197.47,12273004800.0,10050248150.4
2010-02-23,'002038,Ë«ðØÒ©Òµ,48.29,48.5,47.53,47.93,47.93,0.36,0.7511,0.0574,118217,5660106.7,12144741840.0,9945214819.32
2010-02-22,'002038,Ë«ðØÒ©Òµ,47.93,48.75,47.89,48.75,48.8,-0.87,-1.7828,0.0633,130318,6280522.98,12054203280.0,9871073644.44
2010-02-12,'002038,Ë«ðØÒ©Òµ,48.8,49.0,48.13,48.5,48.1,0.7,1.4553,0.142,292400,14211421.35,12273004800.0,10050248150.4
2010-02-11,'002038,Ë«ðØÒ©Òµ,48.1,49.0,47.78,48.6,48.3,-0.2,-0.4141,0.2389,491981,23792754.11,12096957600.0,9906084754.8
2010-02-10,'002038,Ë«ðØÒ©Òµ,48.3,48.3,46.17,46.17,46.12,2.18,4.7268,0.5625,1158394,54369235.11,12147256800.0,9947274296.4
2010-02-09,'002038,Ë«ðØÒ©Òµ,46.12,46.86,45.3,46.06,46.06,0.06,0.1303,0.1943,400103,18314447.48,11598995520.0,9498308292.96
2010-02-08,'002038,Ë«ðØÒ©Òµ,46.06,47.2,45.5,45.8,45.83,0.23,0.5019,0.1925,396540,18344300.53,11583905760.0,9485951430.48
2010-02-05,'002038,Ë«ðØÒ©Òµ,45.83,47.3,45.51,47.29,47.31,-1.48,-3.1283,0.3999,823672,38174845.52,11526061680.0,9438583457.64
2010-02-04,'002038,Ë«ðØÒ©Òµ,47.31,49.49,47.01,48.49,48.5,-1.19,-2.4536,0.1943,400112,19256162.96,11898275760.0,9743386065.48
2010-02-03,'002038,Ë«ðØÒ©Òµ,48.5,49.6,47.5,48.54,48.5,0.0,0.0,0.4579,942980,45584249.57,12197556000.0,9988463838.0
2010-02-02,'002038,Ë«ðØÒ©Òµ,48.5,48.68,48.05,48.48,48.15,0.35,0.7269,0.2845,585853,28299964.93,12197556000.0,9988463838.0
2010-02-01,'002038,Ë«ðØÒ©Òµ,48.15,49.87,48.08,48.61,49.33,-1.18,-2.3921,0.5071,1044277,50743821.17,12109532400.0,9916382140.2
2010-01-29,'002038,Ë«ðØÒ©Òµ,49.33,49.99,48.02,48.02,48.72,0.61,1.2521,0.596,1227345,60432009.97,12406297680.0,10159400435.6
2010-01-28,'002038,Ë«ðØÒ©Òµ,48.72,49.77,46.61,47.65,47.59,1.13,2.3744,0.3778,778156,38060095.34,12252885120.0,10033772333.8
2010-01-27,'002038,Ë«ðØÒ©Òµ,47.59,47.97,46.0,47.84,47.03,0.56,1.1907,0.3362,692477,32697234.0,11968694640.0,9801051423.72
2010-01-26,'002038,Ë«ðØÒ©Òµ,47.03,49.38,47.0,48.73,48.71,-1.68,-3.449,0.4587,944605,45071649.74,11827856880.0,9685720707.24
2010-01-25,'002038,Ë«ðØÒ©Òµ,48.71,49.94,48.25,48.51,48.51,0.2,0.4123,0.5591,1151514,56931344.9,12250370160.0,10031712856.7
2010-01-22,'002038,Ë«ðØÒ©Òµ,48.51,50.91,48.25,50.71,50.97,-2.46,-4.8264,0.861,1773128,87548869.08,12200070960.0,9990523315.08
2010-01-21,'002038,Ë«ðØÒ©Òµ,50.97,52.0,50.02,50.65,50.96,0.01,0.0196,0.4113,847117,43154746.44,12818751120.0,10497154676.8
2010-01-20,'002038,Ë«ðØÒ©Òµ,50.96,52.72,49.68,52.72,52.99,-2.03,-3.8309,0.7938,1634720,82691267.21,12816236160.0,10495095199.7
2010-01-19,'002038,Ë«ðØÒ©Òµ,52.99,53.88,52.8,53.21,53.3,-0.31,-0.5816,0.4136,851884,45382225.96,13326773040.0,10913169046.9
2010-01-18,'002038,Ë«ðØÒ©Òµ,53.3,53.74,52.51,53.2,53.3,0.0,0.0,0.4689,965721,51438980.02,13404736800.0,10977012836.4
2010-01-15,'002038,Ë«ðØÒ©Òµ,53.3,54.4,49.54,50.01,50.0,3.3,6.6,1.3128,2703719,143537696.18,13404736800.0,10977012836.4
2010-01-14,'002038,Ë«ðØÒ©Òµ,50.0,50.2,48.8,49.2,49.28,0.72,1.461,0.4985,1026587,50860478.43,12574800000.0,10297385400.0
2010-01-13,'002038,Ë«ðØÒ©Òµ,49.28,49.8,46.2,46.99,47.2,2.08,4.4068,1.0515,2165440,106584934.73,12393722880.0,10149103050.2
2010-01-12,'002038,Ë«ðØÒ©Òµ,47.2,47.5,44.45,44.45,45.0,2.2,4.8889,0.6872,1415302,65186466.45,11870611200.0,9720731817.6
2010-01-11,'002038,Ë«ðØÒ©Òµ,45.0,45.78,43.8,45.5,45.59,-0.59,-1.2941,0.7221,1487151,65887160.08,11317320000.0,9267646860.0
2010-01-08,'002038,Ë«ðØÒ©Òµ,45.59,45.85,45.0,45.0,45.45,0.14,0.308,0.3929,807408,36749566.1,11461326000.0,9368173939.66
2010-01-07,'002038,Ë«ðØÒ©Òµ,45.45,46.48,44.61,45.8,45.95,-0.5,-1.0881,0.4574,939962,43156163.94,11426130000.0,9339405693.3
2010-01-06,'002038,Ë«ðØÒ©Òµ,45.95,46.18,44.82,45.2,45.19,0.76,1.6818,0.462,949364,43431701.4,11551830000.0,9442149430.3
2010-01-05,'002038,Ë«ðØÒ©Òµ,45.19,45.22,43.8,44.65,44.65,0.54,1.2094,0.6419,1318988,58884969.57,11360766000.0,9285978950.06
2010-01-04,'002038,Ë«ðØÒ©Òµ,44.65,44.79,43.0,44.45,44.4,0.25,0.5631,0.6535,1342863,59418182.75,11225010000.0,9175015714.1
2009-12-31,'002038,Ë«ðØÒ©Òµ,44.4,44.91,44.06,44.66,44.66,-0.26,-0.5822,0.7675,1577182,70127623.95,11162160000.0,9123643845.6
2009-12-30,'002038,Ë«ðØÒ©Òµ,44.66,44.66,43.7,44.36,44.36,0.3,0.6763,1.2032,2472365,109051260.53,11227524000.0,9177070588.84
2009-12-29,'002038,Ë«ðØÒ©Òµ,44.36,45.22,43.63,45.05,45.04,-0.68,-1.5098,0.5633,1157569,51192563.48,11152104000.0,9115424346.64
2009-12-28,'002038,Ë«ðØÒ©Òµ,45.04,45.95,44.79,45.41,46.0,-0.96,-2.087,0.8557,1758299,79298623.47,11323056000.0,9255155828.96
2009-12-25,'002038,Ë«ðØÒ©Òµ,46.0,46.3,44.88,46.0,46.22,-0.22,-0.476,0.5079,1043736,47534223.68,11564400000.0,9452423804.0
2009-12-24,'002038,Ë«ðØÒ©Òµ,46.22,46.35,45.22,45.4,45.4,0.82,1.8062,0.5962,1225181,56524357.24,11619708000.0,9497631048.28
2009-12-23,'002038,Ë«ðØÒ©Òµ,45.4,45.49,43.7,44.28,44.09,1.31,2.9712,0.3571,733871,32714540.35,11413560000.0,9329131319.6
2009-12-22,'002038,Ë«ðØÒ©Òµ,44.09,44.67,43.5,43.61,43.8,0.29,0.6621,0.3358,690055,30510607.62,11084226000.0,9059942728.66
2009-12-21,'002038,Ë«ðØÒ©Òµ,43.8,43.95,42.64,43.3,43.25,0.55,1.2717,0.3114,639855,27704255.22,11011320000.0,9000351361.2
2009-12-18,'002038,Ë«ðØÒ©Òµ,43.25,44.38,42.61,44.38,44.26,-1.01,-2.282,0.5564,1143375,49457732.37,10873050000.0,8887333250.5
2009-12-17,'002038,Ë«ðØÒ©Òµ,44.26,44.88,43.1,44.47,44.5,-0.24,-0.5393,0.819,1682992,73606425.07,11126964000.0,9094875599.24
2009-12-16,'002038,Ë«ðØÒ©Òµ,44.5,46.0,44.45,45.71,45.71,-1.21,-2.6471,0.9433,1938344,87537440.35,11187300000.0,9144192593.0
2009-12-15,'002038,Ë«ðØÒ©Òµ,45.71,47.05,45.5,47.05,46.6,-0.89,-1.9099,0.7819,1606732,73817304.81,11491494000.0,9392832436.54
2009-12-14,'002038,Ë«ðØÒ©Òµ,46.6,47.55,46.26,46.26,46.5,0.1,0.2151,0.4985,1024323,47948666.73,11715240000.0,9575716288.4
2009-12-11,'002038,Ë«ðØÒ©Òµ,46.5,46.8,45.88,46.46,46.49,0.01,0.0215,0.3357,689768,32095961.56,11690100000.0,9555167541.0
2009-12-10,'002038,Ë«ðØÒ©Òµ,46.49,46.57,45.68,46.02,46.0,0.49,1.0652,0.3152,647742,29848685.22,11687586000.0,9553112666.26
2009-12-09,'002038,Ë«ðØÒ©Òµ,46.0,46.93,45.46,45.99,46.16,-0.16,-0.3466,0.3197,656974,30466956.89,11564400000.0,9452423804.0
2009-12-08,'002038,Ë«ðØÒ©Òµ,46.16,47.1,45.18,46.9,46.99,-0.83,-1.7663,1.0638,2185874,100243701.11,11604624000.0,9485301799.84
2009-12-07,'002038,Ë«ðØÒ©Òµ,46.99,47.0,45.6,46.85,46.81,0.18,0.3845,0.6238,1281850,59501579.71,11813286000.0,9655856403.26
2009-12-04,'002038,Ë«ðØÒ©Òµ,46.81,50.5,46.03,48.8,48.49,-1.68,-3.4646,1.2096,3004689,146177509.83,11673665040.0,11627604000.0
2009-12-03,'002038,Ë«ðØÒ©Òµ,48.49,49.5,48.0,49.49,48.51,-0.02,-0.0412,0.4879,1212004,58545939.01,12092630160.0,12044916000.0
2009-12-02,'002038,Ë«ðØÒ©Òµ,48.51,49.5,48.0,49.3,48.76,-0.25,-0.5127,1.0444,2594310,126743065.28,12097617840.0,12049884000.0
2009-12-01,'002038,Ë«ðØÒ©Òµ,48.76,49.8,47.7,48.18,47.8,0.96,2.0084,2.3842,5922274,286620537.2,12159963840.0,12111984000.0
2009-11-30,'002038,Ë«ðØÒ©Òµ,47.8,48.4,43.7,44.0,44.0,3.8,8.6364,1.6737,4157404,192555372.19,11920555200.0,11873520000.0
2009-11-27,'002038,Ë«ðØÒ©Òµ,44.0,45.0,42.41,43.65,43.5,0.5,1.1494,1.4477,3596101,158526533.02,10972896000.0,10929600000.0
2009-11-26,'002038,Ë«ðØÒ©Òµ,43.5,44.88,42.57,44.44,44.15,-0.65,-1.4723,1.1617,2885700,125127772.03,10848204000.0,10805400000.0
2009-11-25,'002038,Ë«ðØÒ©Òµ,44.15,44.65,42.99,43.6,43.85,0.3,0.6842,0.74,1838198,80565527.77,11010303600.0,10966860000.0
2009-11-24,'002038,Ë«ðØÒ©Òµ,43.85,45.9,43.64,45.59,45.3,-1.45,-3.2009,0.5232,1299512,58499781.91,10935488400.0,10892340000.0
2009-11-23,'002038,Ë«ðØÒ©Òµ,45.3,45.34,44.49,44.99,45.01,0.29,0.6443,0.374,928895,41863486.41,11297095200.0,11252520000.0
2009-11-20,'002038,Ë«ðØÒ©Òµ,45.01,45.96,44.48,45.0,45.25,-0.24,-0.5304,0.5141,1277073,57646962.44,11224773840.0,11180484000.0
2009-11-19,'002038,Ë«ðØÒ©Òµ,45.25,45.63,44.6,44.88,45.0,0.25,0.5556,0.7037,1747995,79256532.83,11284626000.0,11240100000.0
2009-11-18,'002038,Ë«ðØÒ©Òµ,45.0,45.25,42.71,43.44,43.35,1.65,3.8062,0.7446,1849483,82019462.11,11222280000.0,11178000000.0
2009-11-17,'002038,Ë«ðØÒ©Òµ,43.35,43.9,42.51,43.9,43.9,-0.55,-1.2528,1.6464,4089710,177080504.4,10810796400.0,10768140000.0
2009-11-16,'002038,Ë«ðØÒ©Òµ,43.9,44.21,43.3,43.3,43.81,0.09,0.2054,1.7409,2422196,106090347.25,10947957600.0,6107895853.6
2009-11-13,'002038,Ë«ðØÒ©Òµ,43.81,43.9,42.85,43.41,43.85,-0.04,-0.0912,2.2999,3199905,138117549.35,10925513040.0,6095373971.44
2009-11-12,'002038,Ë«ðØÒ©Òµ,43.85,45.43,43.75,44.8,44.61,-0.76,-1.7037,0.8429,1172690,52515462.21,10935488400.0,6100939252.4
2009-11-11,'002038,Ë«ðØÒ©Òµ,44.61,45.31,43.8,43.8,44.6,0.01,0.0224,0.457,635859,28460999.93,11125020240.0,6206679590.64
2009-11-10,'002038,Ë«ðØÒ©Òµ,44.6,45.4,42.01,42.51,42.38,2.22,5.2383,1.3764,1914998,82754493.59,11122526400.0,6205288270.4
2009-11-09,'002038,Ë«ðØÒ©Òµ,42.38,42.55,41.35,42.05,42.5,-0.12,-0.2824,1.3859,1928210,80523780.38,10568893920.0,5896415177.12
2009-11-06,'002038,Ë«ðØÒ©Òµ,42.5,43.19,42.3,42.87,43.15,-0.65,-1.5064,1.9704,2741420,117354993.06,10598820000.0,5913111020.0
2009-11-05,'002038,Ë«ðØÒ©Òµ,43.15,43.68,42.2,43.3,42.96,0.19,0.4423,1.7413,2422763,103728794.81,10760919600.0,6003546835.6
2009-11-04,'002038,Ë«ðØÒ©Òµ,42.96,43.1,41.33,41.52,41.98,0.98,2.3344,1.8154,2525760,106568934.71,10713536640.0,5977111751.04
2009-11-03,'002038,Ë«ðØÒ©Òµ,41.98,42.46,41.04,42.0,42.0,-0.02,-0.0476,0.9941,1383163,57587577.04,10469140320.0,5840762367.52
2009-11-02,'002038,Ë«ðØÒ©Òµ,42.0,42.5,39.81,40.5,40.85,1.15,2.8152,3.064,4263019,178200407.47,10474128000.0,5843545008.0
2009-10-30,'002038,Ë«ðØÒ©Òµ,40.85,41.3,39.0,39.88,39.8,1.05,2.6382,1.286,1789179,72384081.24,10187336400.0,5683543180.4
2009-10-29,'002038,Ë«ðØÒ©Òµ,39.8,41.05,38.73,39.25,39.28,0.52,1.3238,1.8206,2533106,101820486.68,9925483200.0,5537454555.2
2009-10-28,'002038,Ë«ðØÒ©Òµ,39.28,39.56,38.2,38.27,38.28,1.0,2.6123,0.9279,1291043,50181425.73,9795803520.0,5465105902.72
2009-10-27,'002038,Ë«ðØÒ©Òµ,38.28,38.75,38.02,38.38,38.66,-0.38,-0.9829,0.9306,1294698,49650021.5,9546419520.0,5325973878.72
2009-10-26,'002038,Ë«ðØÒ©Òµ,38.66,39.3,38.18,38.73,38.72,-0.06,-0.155,1.1633,1618556,62435239.79,9641185440.0,5378844047.84
2009-10-23,'002038,Ë«ðØÒ©Òµ,38.72,38.93,38.0,38.44,38.44,0.28,0.7284,2.926,4071036,156976200.06,9656148480.0,5387191969.28
2009-10-22,'002038,Ë«ðØÒ©Òµ,38.44,38.65,38.0,38.65,38.65,-0.21,-0.5433,1.041,1448344,55475069.13,9586320960.0,5348235002.56
2009-10-21,'002038,Ë«ðØÒ©Òµ,38.65,38.95,38.2,38.65,38.9,-0.25,-0.6427,1.0306,1433918,55273098.03,9638691600.0,5377452727.6
2009-10-20,'002038,Ë«ðØÒ©Òµ,38.9,39.34,38.55,39.33,39.15,-0.25,-0.6386,1.6419,2284397,88625173.01,9701037600.0,5412235733.6
2009-10-19,'002038,Ë«ðØÒ©Òµ,39.15,39.48,38.0,38.0,37.79,1.36,3.5988,1.3797,1919579,75017647.19,9763383600.0,5447018739.6
2009-10-16,'002038,Ë«ðØÒ©Òµ,37.79,38.32,37.55,37.59,37.6,0.19,0.5053,0.7102,988061,37518843.83,9424221360.0,5257799186.96
2009-10-15,'002038,Ë«ðØÒ©Òµ,37.6,37.83,36.61,36.7,36.75,0.85,2.3129,1.0831,1506924,56365955.99,9376838400.0,5231364102.4
2009-10-14,'002038,Ë«ðØÒ©Òµ,36.75,38.1,36.66,37.35,37.35,-0.6,-1.6064,0.9526,1325353,49703374.76,9164862000.0,5113101882.0
2009-10-13,'002038,Ë«ðØÒ©Òµ,37.35,37.38,36.91,37.01,37.38,-0.03,-0.0803,0.7285,1013629,37676440.92,9314492400.0,5196581096.4
2009-10-12,'002038,Ë«ðØÒ©Òµ,37.38,37.7,36.34,37.33,37.38,0.0,0.0,0.6489,902817,33681115.51,9321973920.0,5200755057.12
2009-10-09,'002038,Ë«ðØÒ©Òµ,37.38,37.38,36.35,36.5,36.2,1.18,3.2597,0.7844,1091349,40302623.66,9321973920.0,5200755057.12
2009-09-30,'002038,Ë«ðØÒ©Òµ,36.2,36.4,35.46,35.98,35.48,0.72,2.0293,0.4819,670478,24126574.8,9027700800.0,5036579268.8
2009-09-29,'002038,Ë«ðØÒ©Òµ,35.48,36.0,35.01,35.46,35.45,0.03,0.0846,0.7226,1005389,35567898.93,8848144320.0,4936404211.52
2009-09-28,'002038,Ë«ðØÒ©Òµ,35.45,35.99,35.1,35.3,34.94,0.51,1.4596,1.2573,1749254,62412870.23,8840662800.0,4932230250.8
2009-09-25,'002038,Ë«ðØÒ©Òµ,34.94,35.49,34.88,35.0,35.31,-0.37,-1.0479,0.6798,945838,33264971.0,8713476960.0,4861272918.56
2009-09-24,'002038,Ë«ðØÒ©Òµ,35.31,36.4,34.92,36.1,36.44,-1.13,-3.101,2.0906,2908757,102828647.31,8805749040.0,4912751767.44
2009-09-23,'002038,Ë«ðØÒ©Òµ,36.44,37.8,36.03,37.66,37.9,-1.46,-3.8522,1.3256,1844275,67792759.83,9087552960.0,5069970954.56
2009-09-22,'002038,Ë«ðØÒ©Òµ,37.9,38.58,37.11,37.51,37.4,0.5,1.3369,2.726,3792734,143461747.61,9451653600.0,5273103709.6
2009-09-21,'002038,Ë«ðØÒ©Òµ,37.4,37.89,36.86,36.99,37.09,0.31,0.8358,2.1388,2975699,111087323.4,9326961600.0,5203537697.6
2009-09-18,'002038,Ë«ðØÒ©Òµ,37.09,37.35,36.4,36.7,36.59,0.5,1.3665,1.4299,1989510,73562983.36,9249652560.0,5160406770.16
2009-09-17,'002038,Ë«ðØÒ©Òµ,36.59,36.98,36.23,36.59,36.59,0.0,0.0,1.0031,1395671,51055731.9,9124960560.0,5090840758.16
2009-09-16,'002038,Ë«ðØÒ©Òµ,36.59,37.18,36.04,37.18,37.08,-0.49,-1.3215,0.9323,1297116,47334292.56,9124960560.0,5090840758.16
2009-09-15,'002038,Ë«ðØÒ©Òµ,37.08,37.28,36.02,36.32,35.78,1.3,3.6333,1.8744,2607854,96151508.68,9247158720.0,5159015449.92
2009-09-14,'002038,Ë«ðØÒ©Òµ,0.0,0.0,0.0,0.0,35.78,None,None,0.0,0,0.0,8922959520.0,4978143818.72
2009-09-11,'002038,Ë«ðØÒ©Òµ,35.78,36.16,35.05,35.29,35.3,0.48,1.3598,1.4138,1966992,70441148.29,8922959520.0,4978143818.72
2009-09-10,'002038,Ë«ðØÒ©Òµ,35.3,35.6,35.2,35.5,35.45,-0.15,-0.4231,0.7869,1094867,38720820.55,8803255200.0,4911360447.2
2009-09-09,'002038,Ë«ðØÒ©Òµ,35.45,36.59,35.11,35.91,36.0,-0.55,-1.5278,1.4719,2047894,72990988.41,8840662800.0,4932230250.8
2009-09-08,'002038,Ë«ðØÒ©Òµ,36.0,36.28,35.6,36.28,36.32,-0.32,-0.8811,1.212,1686249,60612706.2,8977824000.0,5008752864.0
2009-09-07,'002038,Ë«ðØÒ©Òµ,36.32,37.0,35.8,36.0,35.66,0.66,1.8508,2.2348,3109258,113720183.06,9057626880.0,5053275111.68
2009-09-04,'002038,Ë«ðØÒ©Òµ,35.66,35.7,34.5,34.85,34.85,0.81,2.3242,0.9803,1363861,47891369.75,8893033440.0,4961447975.84
2009-09-03,'002038,Ë«ðØÒ©Òµ,34.85,34.96,33.8,34.18,33.84,1.01,2.9846,0.5986,832844,28741504.04,8691032400.0,4848751036.4
2009-09-02,'002038,Ë«ðØÒ©Òµ,33.84,34.08,33.51,33.68,33.67,0.17,0.5049,0.5951,827933,28002382.43,8439154560.0,4708227692.16
2009-09-01,'002038,Ë«ðØÒ©Òµ,33.67,34.57,33.22,34.57,34.16,-0.49,-1.4344,1.046,1455360,49500005.33,8396759280.0,4684575248.08
2009-08-31,'002038,Ë«ðØÒ©Òµ,34.16,35.26,33.9,34.45,34.85,-0.69,-1.9799,1.5218,2117352,73180483.77,8518957440.0,4752749939.84
2009-08-28,'002038,Ë«ðØÒ©Òµ,34.85,36.29,34.85,36.29,36.39,-1.54,-4.2319,1.2913,1796572,63267721.72,8691032400.0,4848751036.4
2009-08-27,'002038,Ë«ðØÒ©Òµ,36.39,37.69,36.1,36.29,36.52,-0.13,-0.356,1.2213,1699267,62682368.8,9075083760.0,5063014353.36
2009-08-26,'002038,Ë«ðØÒ©Òµ,36.52,36.66,35.8,36.45,36.45,0.07,0.192,1.0549,1467681,53228990.33,9107503680.0,5081101516.48
2009-08-25,'002038,Ë«ðØÒ©Òµ,36.45,37.09,35.7,36.08,36.16,0.29,0.802,3.5006,4870426,177621313.36,9090046800.0,5071362274.8
2009-08-24,'002038,Ë«ðØÒ©Òµ,36.16,36.38,35.1,35.57,35.1,1.06,3.0199,2.8262,3932130,141212716.36,9017725440.0,5031013987.84
2009-08-21,'002038,Ë«ðØÒ©Òµ,35.1,35.49,33.9,34.2,34.4,0.7,2.0349,1.3735,1911031,66789186.75,8753378400.0,4883534042.4
2009-08-20,'002038,Ë«ðØÒ©Òµ,34.4,34.93,33.74,33.98,33.69,0.71,2.1075,1.2468,1734712,59560254.78,8578809600.0,4786141625.6
2009-08-19,'002038,Ë«ðØÒ©Òµ,33.69,35.02,33.35,33.65,33.3,0.39,1.1712,2.0568,2861610,98232697.94,8401746960.0,4687357888.56
2009-08-18,'002038,Ë«ðØÒ©Òµ,33.3,33.78,32.84,33.31,33.32,-0.02,-0.06,1.1986,1667702,55277025.66,8271720000.0,4633096399.2
2009-08-17,'002038,Ë«ðØÒ©Òµ,33.32,34.28,32.8,33.0,33.05,0.27,0.8169,3.0132,4192266,141809436.36,8276688000.0,4635879039.68
2009-08-14,'002038,Ë«ðØÒ©Òµ,33.05,35.4,32.98,35.19,35.06,-2.01,-5.733,2.4067,3348445,112848981.66,8209620000.0,4598313393.2
2009-08-13,'002038,Ë«ðØÒ©Òµ,35.06,36.89,34.94,36.39,36.31,-1.25,-3.4426,1.3774,1916467,67783538.64,8708904000.0,4877968761.44
2009-08-12,'002038,Ë«ðØÒ©Òµ,36.31,38.3,36.2,37.18,37.35,-1.04,-2.7845,1.3068,1818237,66922295.86,9019404000.0,5051883791.44
2009-08-11,'002038,Ë«ðØÒ©Òµ,37.35,37.65,36.12,37.62,37.43,-0.08,-0.2137,1.3408,1865540,68707152.82,9277740000.0,5196581096.4
2009-08-10,'002038,Ë«ðØÒ©Òµ,37.43,38.88,36.0,36.0,35.89,1.54,4.2909,4.8324,6723466,254270998.93,9297612000.0,5207711658.32
2009-08-07,'002038,Ë«ðØÒ©Òµ,35.89,37.15,35.3,36.13,36.13,-0.24,-0.6643,3.5918,4997284,182233609.47,8915076000.0,4993448341.36
2009-08-06,'002038,Ë«ðØÒ©Òµ,36.13,36.95,33.9,34.13,34.1,2.03,5.9531,5.322,7404642,261916084.83,8974692000.0,5026840027.12
2009-08-05,'002038,Ë«ðØÒ©Òµ,34.1,34.54,33.41,33.48,33.39,0.71,2.1264,3.0942,4305051,146928752.88,8470440000.0,4744402018.4
2009-08-04,'002038,Ë«ðØÒ©Òµ,33.39,33.48,32.56,33.16,33.01,0.38,1.1512,1.841,2561486,84616020.92,8294076000.0,4645618281.36
2009-08-03,'002038,Ë«ðØÒ©Òµ,33.01,33.19,32.9,33.05,32.9,0.11,0.3343,1.9325,2688676,88693183.7,8199684000.0,4592748112.24
2009-07-31,'002038,Ë«ðØÒ©Òµ,32.9,33.55,32.5,32.76,32.7,0.2,0.6116,3.6399,5064210,166939472.78,8172360000.0,4577443589.6
2009-07-30,'002038,Ë«ðØÒ©Òµ,32.7,33.4,32.0,33.0,32.8,-0.1,-0.3049,1.1037,1535557,50052924.19,8122680000.0,4549617184.8
2009-07-29,'002038,Ë«ðØÒ©Òµ,32.8,34.49,32.2,33.7,33.6,-0.8,-2.381,2.0605,2866872,96310999.11,8147520000.0,4563530387.2
2009-07-28,'002038,Ë«ðØÒ©Òµ,33.6,34.34,33.18,34.34,34.11,-0.51,-1.4952,3.5383,4922935,165043228.35,8346240000.0,4674836006.4
2009-07-27,'002038,Ë«ðØÒ©Òµ,34.11,35.13,33.62,33.76,33.76,0.35,1.0367,1.9305,2712605,93947032.91,8472924000.0,4792783138.2
2009-07-24,'002038,Ë«ðØÒ©Òµ,33.76,34.28,33.32,34.0,33.95,-0.19,-0.5596,1.1956,1679976,56902824.84,8385984000.0,4743604771.2
2009-07-23,'002038,Ë«ðØÒ©Òµ,33.95,33.95,33.16,33.51,33.5,0.45,1.3433,1.1187,1571844,52536896.84,8433180000.0,4770301599.0
2009-07-22,'002038,Ë«ðØÒ©Òµ,33.5,33.83,33.39,33.7,33.83,-0.33,-0.9755,1.2651,1777638,59720029.88,8321400000.0,4707072270.0
2009-07-21,'002038,Ë«ðØÒ©Òµ,33.83,34.28,33.78,34.28,34.33,-0.5,-1.4565,1.1005,1546310,52518158.45,8403372000.0,4753440444.6
2009-07-20,'002038,Ë«ðØÒ©Òµ,34.33,34.58,33.8,34.3,34.32,0.01,0.0291,0.8933,1255150,42915059.92,8527572000.0,4823695254.6
2009-07-17,'002038,Ë«ðØÒ©Òµ,34.32,35.0,33.84,34.15,34.16,0.16,0.4684,1.1703,1644441,56737846.64,8525088000.0,4822290158.4
2009-07-16,'002038,Ë«ðØÒ©Òµ,34.16,34.4,33.91,34.4,34.39,-0.23,-0.6688,1.1359,1596026,54384065.21,8485344000.0,4799808619.2
2009-07-15,'002038,Ë«ðØÒ©Òµ,34.39,34.84,34.16,34.48,34.27,0.12,0.3502,1.3735,1929967,66720005.72,8542476000.0,4832125831.8
2009-07-14,'002038,Ë«ðØÒ©Òµ,34.27,34.51,34.1,34.19,34.3,-0.03,-0.0875,1.8086,2541195,87121292.82,8512668000.0,4815264677.4
2009-07-13,'002038,Ë«ðØÒ©Òµ,34.3,34.74,33.61,33.74,33.63,0.67,1.9923,1.2758,1792637,61683761.05,8520120000.0,4819479966.0
2009-07-10,'002038,Ë«ðØÒ©Òµ,33.63,34.33,33.5,34.33,34.01,-0.38,-1.1173,1.1532,1620402,54711056.05,8353692000.0,4725338520.6
2009-07-09,'002038,Ë«ðØÒ©Òµ,34.01,34.49,33.65,33.65,33.5,0.51,1.5224,1.1217,1576163,53831340.07,8448084000.0,4778732176.2
2009-07-08,'002038,Ë«ðØÒ©Òµ,33.5,33.9,33.4,33.71,33.7,-0.2,-0.5935,1.6554,2325959,78325841.77,8321400000.0,4707072270.0
2009-07-07,'002038,Ë«ðØÒ©Òµ,33.7,33.88,32.05,32.1,32.1,1.6,4.9844,2.2645,3181872,104534803.76,8371080000.0,4735174194.0
2009-07-06,'002038,Ë«ðØÒ©Òµ,32.1,32.86,31.96,32.81,32.66,-0.56,-1.7146,1.1744,1650093,53121989.13,7973640000.0,4510358802.0
2009-07-03,'002038,Ë«ðØÒ©Òµ,32.66,32.97,32.46,32.48,32.7,-0.04,-0.1223,0.7987,1122302,36693202.77,8112744000.0,4589044189.2
2009-07-02,'002038,Ë«ðØÒ©Òµ,32.7,33.19,32.55,32.7,32.7,0.0,0.0,1.1976,1682748,55319283.62,8122680000.0,4594664574.0
2009-07-01,'002038,Ë«ðØÒ©Òµ,32.7,32.73,32.05,32.05,32.35,0.35,1.0819,1.7737,2492239,80954479.25,8122680000.0,4594664574.0
2009-06-30,'002038,Ë«ðØÒ©Òµ,32.35,32.44,31.9,32.18,32.14,0.21,0.6534,1.5061,2116229,67939544.37,8035740000.0,4545486207.0
2009-06-29,'002038,Ë«ðØÒ©Òµ,32.14,32.98,31.98,32.74,32.72,-0.58,-1.7726,1.328,1866025,60150667.59,7983576000.0,4515979186.8
2009-06-26,'002038,Ë«ðØÒ©Òµ,32.72,33.03,32.45,32.46,32.44,0.28,0.8631,0.6062,851757,27926222.05,8127648000.0,4597474766.4
2009-06-25,'002038,Ë«ðØÒ©Òµ,32.44,33.29,32.28,33.08,33.08,-0.64,-1.9347,1.2419,1744928,56663474.11,8058096000.0,4558132072.8
2009-06-24,'002038,Ë«ðØÒ©Òµ,33.08,33.4,32.7,33.04,33.0,0.08,0.2424,0.4664,655315,21660745.13,8217072000.0,4648058229.6
2009-06-23,'002038,Ë«ðØÒ©Òµ,33.0,33.29,32.66,33.0,33.6,-0.6,-1.7857,1.0439,1466755,48304270.83,8197200000.0,4636817460.0
2009-06-22,'002038,Ë«ðØÒ©Òµ,33.6,34.66,33.18,34.37,34.35,-0.75,-2.1834,1.2613,1772207,59459808.59,8346240000.0,4721123232.0
2009-06-19,'002038,Ë«ðØÒ©Òµ,34.35,35.3,33.91,33.91,33.91,0.44,1.2976,1.9808,2783184,96779555.75,8532540000.0,4826505447.0
2009-06-18,'002038,Ë«ðØÒ©Òµ,33.91,34.4,33.71,34.1,33.96,-0.05,-0.1472,0.7485,1051659,35715611.99,8423244000.0,4764681214.2
2009-06-17,'002038,Ë«ðØÒ©Òµ,33.96,34.2,33.0,33.15,33.14,0.82,2.4744,1.3052,1833908,61811531.77,8435664000.0,4771706695.2
2009-06-16,'002038,Ë«ðØÒ©Òµ,33.14,33.97,32.95,33.35,33.35,-0.21,-0.6297,0.5801,815033,27127359.64,8231976000.0,4656488806.8
2009-06-15,'002038,Ë«ðØÒ©Òµ,33.35,33.58,33.16,33.16,33.33,0.02,0.06,1.0294,1446355,48127551.92,8284140000.0,4685995827.0
2009-06-12,'002038,Ë«ðØÒ©Òµ,33.33,35.0,33.27,34.03,34.0,-0.67,-1.9706,1.7942,2520967,85594755.74,8279172000.0,4683185634.6
2009-06-11,'002038,Ë«ðØÒ©Òµ,34.0,34.39,32.77,32.91,33.0,1.0,3.0303,2.7144,3814037,129047975.6,8445600000.0,4777327080.0
2009-06-10,'002038,Ë«ðØÒ©Òµ,33.0,33.03,31.88,32.28,32.28,0.72,2.2305,1.5437,2168995,70851468.37,8197200000.0,4636817460.0
2009-06-09,'002038,Ë«ðØÒ©Òµ,32.48,32.53,31.82,32.53,32.5,-0.02,-0.0615,0.5274,741094,23797095.65,8068032000.0,4563752457.6
2009-06-08,'002038,Ë«ðØÒ©Òµ,32.5,32.73,32.15,32.35,32.37,0.13,0.4016,0.8887,1248644,40635232.36,8073000000.0,4566562650.0
2009-06-05,'002038,Ë«ðØÒ©Òµ,32.37,32.5,31.56,31.56,31.66,0.71,2.2426,1.5378,2160797,69554715.28,8040708000.0,4548296399.4
2009-06-04,'002038,Ë«ðØÒ©Òµ,31.66,32.15,31.57,32.15,31.9,-0.24,-0.7524,0.737,1035519,32974565.99,7864344000.0,4448534569.2
2009-06-03,'002038,Ë«ðØÒ©Òµ,31.9,32.29,31.82,32.23,32.24,-0.34,-1.0546,1.2717,1786845,57217989.76,7923960000.0,4482256878.0
2009-06-02,'002038,Ë«ðØÒ©Òµ,32.24,32.24,31.73,31.95,31.93,0.31,0.9709,0.6689,939876,30053029.57,8008416000.0,4530030148.8
2009-06-01,'002038,Ë«ðØÒ©Òµ,31.93,32.0,31.5,31.99,31.96,-0.03,-0.0939,0.8679,1219469,38648009.92,7931412000.0,4486472166.6
2009-05-27,'002038,Ë«ðØÒ©Òµ,31.96,32.03,31.63,31.91,31.84,0.12,0.3769,0.8465,1189463,37888935.69,7938864000.0,4490687455.2
2009-05-26,'002038,Ë«ðØÒ©Òµ,31.84,31.97,31.12,31.15,31.15,0.69,2.2151,1.1878,1669025,52578822.03,7909056000.0,4473826300.8
2009-05-25,'002038,Ë«ðØÒ©Òµ,31.15,31.49,30.73,31.49,31.56,-0.41,-1.2991,0.882,1239270,38531643.21,7737660000.0,4376874663.0
2009-05-22,'002038,Ë«ðØÒ©Òµ,31.56,31.79,31.1,31.75,31.84,-0.28,-0.8794,0.6612,929105,29262051.13,7839504000.0,4434483607.2
2009-05-21,'002038,Ë«ðØÒ©Òµ,31.84,32.38,31.71,32.38,32.47,-0.63,-1.9403,1.1966,1681307,53685146.39,7909056000.0,4473826300.8
2009-05-20,'002038,Ë«ðØÒ©Òµ,32.47,32.93,32.32,32.93,32.73,-0.26,-0.7944,0.8074,1134529,36834855.77,8065548000.0,4562347361.4
2009-05-19,'002038,Ë«ðØÒ©Òµ,32.73,33.3,32.7,33.07,33.02,-0.29,-0.8783,1.1489,1592151,52239320.47,8130132000.0,4535902302.18
2009-05-18,'002038,Ë«ðØÒ©Òµ,33.02,33.94,32.98,33.25,33.04,-0.02,-0.0605,1.62,2245032,74854219.29,8202168000.0,4576092087.32
2009-05-15,'002038,Ë«ðØÒ©Òµ,33.04,33.19,32.55,32.65,32.54,0.5,1.5366,2.4323,3370815,111184368.68,8207136000.0,4578863796.64
2009-05-14,'002038,Ë«ðØÒ©Òµ,32.54,32.8,32.45,32.45,32.23,0.31,0.9618,1.0832,1501150,48934650.44,8082936000.0,4509571063.64
2009-05-13,'002038,Ë«ðØÒ©Òµ,32.23,32.9,32.1,32.59,32.6,-0.37,-1.135,1.2717,1762328,56967666.18,8005932000.0,4466609569.18
2009-05-12,'002038,Ë«ðØÒ©Òµ,32.6,32.8,32.39,32.8,32.78,-0.18,-0.5491,1.8373,2546267,82953810.19,8097840000.0,4517886191.6
2009-05-11,'002038,Ë«ðØÒ©Òµ,32.78,33.18,32.37,32.37,32.36,0.42,1.2979,3.355,4649487,152681809.64,8142552000.0,4542831575.48
2009-05-08,'002038,Ë«ðØÒ©Òµ,32.36,32.7,31.98,32.0,32.1,0.26,0.81,1.3218,1831802,59256400.61,8038224000.0,4484625679.76
2009-05-07,'002038,Ë«ðØÒ©Òµ,32.1,33.2,31.9,33.1,33.02,-0.92,-2.7862,3.2379,4487318,144773730.07,7973640000.0,4448593458.6
2009-05-06,'002038,Ë«ðØÒ©Òµ,33.02,33.2,32.81,32.92,32.88,0.14,0.4258,1.6314,2260925,74629712.24,8202168000.0,4576092087.32
2009-05-05,'002038,Ë«ðØÒ©Òµ,32.88,32.9,32.49,32.87,32.74,0.14,0.4276,1.7664,2447986,79953950.43,8167392000.0,4556690122.08
2009-05-04,'002038,Ë«ðØÒ©Òµ,32.74,32.85,32.4,32.8,32.54,0.2,0.6146,2.0732,2873181,93597715.8,8132616000.0,4537288156.84
2009-04-30,'002038,Ë«ðØÒ©Òµ,32.54,32.97,32.2,32.55,32.51,0.03,0.0923,1.1011,1526000,49787097.08,8082936000.0,4509571063.64
2009-04-29,'002038,Ë«ðØÒ©Òµ,32.51,33.55,32.0,33.38,33.26,-0.75,-2.255,1.0991,1523167,49690666.7,8075484000.0,4505413499.66
2009-04-28,'002038,Ë«ðØÒ©Òµ,33.26,33.36,32.0,32.05,32.3,0.96,2.9721,1.4557,2017402,66202876.3,8261784000.0,4609352599.16
2009-04-27,'002038,Ë«ðØÒ©Òµ,32.3,34.2,31.9,33.5,33.75,-1.45,-4.2963,2.4629,3413281,111037508.9,8023320000.0,4476310551.8
2009-04-24,'002038,Ë«ðØÒ©Òµ,0.0,0.0,0.0,0.0,33.75,None,None,0.0,0,0.0,8383500000.0,4677259477.5
2009-04-23,'002038,Ë«ðØÒ©Òµ,33.75,34.08,33.5,33.6,33.93,-0.18,-0.5305,1.013,1403919,47561677.75,8383500000.0,4677259477.5
2009-04-22,'002038,Ë«ðØÒ©Òµ,33.93,35.45,33.91,34.7,34.7,-0.77,-2.219,1.7354,2405013,83479467.84,8428212000.0,4702204861.38
2009-04-21,'002038,Ë«ðØÒ©Òµ,34.7,34.9,34.21,34.5,35.0,-0.3,-0.8571,1.3348,1849888,63989157.34,8619480000.0,4808915670.2
2009-04-20,'002038,Ë«ðØÒ©Òµ,35.0,35.01,33.7,34.91,34.91,0.09,0.2578,1.9992,2770587,95292021.3,8694000000.0,4850491310.0
2009-04-17,'002038,Ë«ðØÒ©Òµ,34.91,35.55,34.68,35.5,35.35,-0.44,-1.2447,2.4977,3461392,121223384.7,8671644000.0,4838018618.06
2009-04-16,'002038,Ë«ðØÒ©Òµ,35.35,35.35,34.3,34.3,34.18,1.17,3.4231,3.0513,4228664,147143240.36,8780940000.0,4898996223.1
2009-04-15,'002038,Ë«ðØÒ©Òµ,34.18,34.25,33.75,34.08,34.1,0.08,0.2346,1.4183,1965546,66881588.55,8490312000.0,4736851227.88
2009-04-14,'002038,Ë«ðØÒ©Òµ,34.1,34.26,33.7,33.88,33.8,0.3,0.8876,1.9217,2663172,90261841.6,8470440000.0,4725764390.6
2009-04-13,'002038,Ë«ðØÒ©Òµ,33.8,34.7,33.5,33.65,33.59,0.21,0.6252,2.4495,3394688,115409554.48,8395920000.0,4684188750.8
2009-04-10,'002038,Ë«ðØÒ©Òµ,33.59,33.95,33.1,33.2,33.01,0.58,1.757,1.5147,2099215,70251447.81,8343756000.0,4655085802.94
2009-04-09,'002038,Ë«ðØÒ©Òµ,33.01,33.28,32.69,32.7,32.97,0.04,0.1213,1.4464,2004463,66065155.13,8199684000.0,4574706232.66
2009-04-08,'002038,Ë«ðØÒ©Òµ,32.97,34.56,32.69,34.55,34.54,-1.57,-4.5455,1.9772,2740101,92316844.99,8189748000.0,4569162814.02
2009-04-07,'002038,Ë«ðØÒ©Òµ,34.54,35.99,34.4,35.1,34.6,-0.06,-0.1734,2.3428,3246810,114398391.51,8579736000.0,4786741995.64
2009-04-03,'002038,Ë«ðØÒ©Òµ,34.6,34.83,33.81,33.95,33.81,0.79,2.3366,2.7204,3770073,129677642.52,8594640000.0,4795057123.6
2009-04-02,'002038,Ë«ðØÒ©Òµ,33.81,34.33,33.8,33.85,33.65,0.16,0.4755,1.9109,2648259,90253598.65,8398404000.0,4685574605.46
2009-04-01,'002038,Ë«ðØÒ©Òµ,33.65,33.72,33.43,33.44,33.3,0.35,1.0511,1.8022,2497536,83891718.24,8358660000.0,4663400930.9
2009-03-31,'002038,Ë«ðØÒ©Òµ,33.3,33.45,32.6,33.33,33.5,-0.2,-0.597,1.2279,1701693,56283182.1,8271720000.0,4614896017.8
2009-03-30,'002038,Ë«ðØÒ©Òµ,33.5,34.2,33.3,33.98,33.7,-0.2,-0.5935,1.9294,2673873,90325744.08,8321400000.0,4642613111.0
2009-03-27,'002038,Ë«ðØÒ©Òµ,33.7,34.55,33.1,33.21,33.33,0.37,1.1101,2.4902,3451070,117360470.36,8371080000.0,4670330204.2
2009-03-26,'002038,Ë«ðØÒ©Òµ,33.33,33.66,32.76,33.11,33.2,0.13,0.3916,1.613,2235356,74204676.02,8279172000.0,4619053581.78
2009-03-25,'002038,Ë«ðØÒ©Òµ,33.2,34.38,33.2,34.28,34.8,-1.6,-4.5977,2.46,3409203,115434180.85,8246880000.0,4601037471.2
2009-03-24,'002038,Ë«ðØÒ©Òµ,34.8,34.8,33.8,34.04,33.89,0.91,2.6852,2.1596,2992916,102778374.95,8644320000.0,4822774216.8
2009-03-23,'002038,Ë«ðØÒ©Òµ,33.89,34.48,33.61,34.1,34.05,-0.16,-0.4699,1.6226,2248656,76246943.53,8418276000.0,4696661442.74
2009-03-20,'002038,Ë«ðØÒ©Òµ,34.05,34.08,33.3,34.05,34.13,-0.08,-0.2344,1.131,1567353,52798415.11,8458020000.0,4718835117.3
2009-03-19,'002038,Ë«ðØÒ©Òµ,34.13,34.25,33.55,34.09,34.2,-0.07,-0.2047,1.8548,2570522,87104167.52,8477892000.0,4729921954.58
2009-03-18,'002038,Ë«ðØÒ©Òµ,34.2,34.71,33.76,34.01,33.85,0.35,1.034,2.192,3037749,103789439.58,8495280000.0,4739622937.2
2009-03-17,'002038,Ë«ðØÒ©Òµ,33.85,33.85,33.01,33.49,33.15,0.7,2.1116,2.5796,3575010,119254904.82,8408340000.0,4691118024.1
2009-03-16,'002038,Ë«ðØÒ©Òµ,33.15,33.15,32.1,32.1,32.5,0.65,2.0,1.5946,2209903,72504262.39,8234460000.0,4594108197.9
2009-03-13,'002038,Ë«ðØÒ©Òµ,32.5,32.99,31.72,32.65,32.59,-0.09,-0.2762,2.0395,2826410,91358087.14,8073000000.0,4504027645.0
2009-03-12,'002038,Ë«ðØÒ©Òµ,32.59,33.0,32.1,32.98,33.0,-0.41,-1.2424,1.6113,2232992,72591888.67,8095356000.0,4516500336.94
2009-03-11,'002038,Ë«ðØÒ©Òµ,33.0,33.53,32.8,33.46,32.87,0.13,0.3955,1.506,2087095,68916556.92,8197200000.0,4573320378.0
2009-03-10,'002038,Ë«ðØÒ©Òµ,32.87,33.3,32.45,32.7,32.98,-0.11,-0.3335,1.1601,1607669,52755068.53,8164908000.0,4555304267.42
2009-03-09,'002038,Ë«ðØÒ©Òµ,32.98,34.6,32.98,34.05,34.05,-1.07,-3.1424,1.0817,1499137,50355537.27,8192232000.0,4570548668.68
2009-03-06,'002038,Ë«ðØÒ©Òµ,34.05,34.8,33.68,33.9,34.49,-0.44,-1.2757,1.1768,1630874,55536865.47,8458020000.0,4718835117.3
2009-03-05,'002038,Ë«ðØÒ©Òµ,34.49,35.99,34.02,35.94,35.6,-1.11,-3.118,2.2478,3115082,108654198.9,8567316000.0,4779812722.34
2009-03-04,'002038,Ë«ðØÒ©Òµ,35.6,35.86,34.5,34.88,34.77,0.83,2.3871,3.0834,4273181,150462151.72,8843040000.0,4933642589.6
2009-03-03,'002038,Ë«ðØÒ©Òµ,34.77,35.0,32.95,33.5,34.05,0.72,2.1145,1.7619,2441780,84408589.98,8636868000.0,4818616652.82
2009-03-02,'002038,Ë«ðØÒ©Òµ,34.05,34.5,32.7,34.5,34.83,-0.78,-2.2394,2.527,3502113,117895652.5,8458020000.0,4718835117.3
2009-02-27,'002038,Ë«ðØÒ©Òµ,34.83,34.85,33.83,34.0,34.61,0.22,0.6357,1.1831,1639608,56111633.41,8651772000.0,4826931780.78
2009-02-26,'002038,Ë«ðØÒ©Òµ,34.61,36.29,34.33,36.0,35.93,-1.32,-3.6738,1.7725,2456383,86625321.06,8597124000.0,4796442978.26
2009-02-25,'002038,Ë«ðØÒ©Òµ,35.93,37.35,35.11,37.03,36.91,-0.98,-2.6551,1.997,2767588,99901562.74,8925012000.0,4979375793.38
2009-02-24,'002038,Ë«ðØÒ©Òµ,36.91,39.43,36.6,39.0,38.99,-2.08,-5.3347,2.48,3436908,129597789.0,9168444000.0,5115189550.06
2009-02-23,'002038,Ë«ðØÒ©Òµ,38.99,40.1,38.4,39.12,39.04,-0.05,-0.1281,2.2105,3063446,120106175.31,9685116000.0,5403447319.34
2009-02-20,'002038,Ë«ðØÒ©Òµ,39.04,39.39,38.2,39.02,39.13,-0.09,-0.23,1.8729,2595523,100887544.15,9697536000.0,5410376592.64
2009-02-19,'002038,Ë«ðØÒ©Òµ,39.13,39.38,36.63,36.63,36.67,2.46,6.7085,2.7856,3860390,148621957.43,9719892000.0,5422849284.58
2009-02-18,'002038,Ë«ðØÒ©Òµ,36.67,38.1,35.58,35.58,36.39,0.28,0.7694,2.4496,3394804,125699891.1,9108828000.0,5081929038.22
2009-02-17,'002038,Ë«ðØÒ©Òµ,36.39,37.27,36.03,37.27,37.44,-1.05,-2.8045,1.2437,1723655,63028036.66,9039276000.0,5043125107.74
2009-02-16,'002038,Ë«ðØÒ©Òµ,37.44,38.1,36.3,37.27,36.89,0.55,1.4909,1.9518,2704897,100203841.86,9300096000.0,5188639847.04
2009-02-13,'002038,Ë«ðØÒ©Òµ,36.89,36.98,36.21,36.55,36.45,0.44,1.2071,1.8776,2602135,95150828.92,9163476000.0,5112417840.74
2009-02-12,'002038,Ë«ðØÒ©Òµ,36.45,36.65,35.22,36.27,36.13,0.32,0.8857,1.5433,2138816,76604227.87,9054180000.0,5051440235.7
2009-02-11,'002038,Ë«ðØÒ©Òµ,36.13,37.39,35.52,36.0,36.31,-0.18,-0.4957,2.4165,3348916,123117593.79,8974692000.0,5007092886.58
2009-02-10,'002038,Ë«ðØÒ©Òµ,36.31,36.83,35.73,36.83,36.84,-0.53,-1.4387,1.508,2089877,75544870.94,9019404000.0,5032038270.46
2009-02-09,'002038,Ë«ðØÒ©Òµ,36.84,36.9,34.78,35.48,35.0,1.84,5.2571,3.3391,4627465,164500217.2,9151056000.0,5105488567.44
2009-02-06,'002038,Ë«ðØÒ©Òµ,35.0,35.4,34.2,34.8,34.81,0.19,0.5458,2.2434,3109011,107723448.97,8694000000.0,4850491310.0
2009-02-05,'002038,Ë«ðØÒ©Òµ,34.81,36.0,34.69,35.6,35.6,-0.79,-2.2191,1.672,2317164,81000314.36,8646804000.0,4824160071.46
2009-02-04,'002038,Ë«ðØÒ©Òµ,35.6,36.18,35.37,36.08,35.98,-0.38,-1.0561,0.7663,1061982,37848204.11,8843040000.0,4933642589.6
2009-02-03,'002038,Ë«ðØÒ©Òµ,35.98,36.18,35.69,36.11,35.98,0.0,0.0,0.8923,1236578,44443529.77,8937432000.0,4986305066.68
2009-02-02,'002038,Ë«ðØÒ©Òµ,35.98,36.17,35.5,35.95,35.82,0.16,0.4467,0.7676,1063814,38304248.63,8937432000.0,4986305066.68
2009-01-23,'002038,Ë«ðØÒ©Òµ,35.82,36.33,35.6,35.95,35.76,0.06,0.1678,0.7384,1023297,36858457.21,8897688000.0,4964131392.12
2009-01-22,'002038,Ë«ðØÒ©Òµ,35.76,36.9,35.3,35.3,34.61,1.15,3.3227,1.7528,2429062,87706217.45,8882784000.0,4955816264.16
2009-01-21,'002038,Ë«ðØÒ©Òµ,34.61,34.8,34.06,34.07,34.21,0.4,1.1692,0.641,888322,30629898.01,8597124000.0,4796442978.26
2009-01-20,'002038,Ë«ðØÒ©Òµ,34.21,34.85,33.75,33.79,33.78,0.43,1.2729,1.0419,1443896,49624751.54,8497764000.0,4741008791.86
2009-01-19,'002038,Ë«ðØÒ©Òµ,33.78,34.55,33.76,34.0,34.18,-0.4,-1.1703,0.7189,996240,33857560.41,8390952000.0,4681417041.48
2009-01-16,'002038,Ë«ðØÒ©Òµ,34.18,34.51,33.5,33.69,33.49,0.69,2.0603,1.6376,2269450,77011752.9,8490312000.0,4736851227.88
2009-01-15,'002038,Ë«ðØÒ©Òµ,33.49,34.68,33.4,34.6,34.68,-1.19,-3.4314,1.6616,2302747,77897376.05,8318916000.0,4641227256.34
2009-01-14,'002038,Ë«ðØÒ©Òµ,34.68,34.76,34.0,34.0,33.98,0.7,2.06,0.4816,667359,23007875.2,8614512000.0,4806143960.88
2009-01-13,'002038,Ë«ðØÒ©Òµ,33.98,34.98,33.88,34.41,34.76,-0.78,-2.244,1.192,1651980,56644762.79,8440632000.0,4709134134.68
2009-01-12,'002038,Ë«ðØÒ©Òµ,34.76,36.28,34.2,36.0,35.89,-1.13,-3.1485,1.8842,2611203,91798524.6,8634384000.0,4817230798.16
2009-01-09,'002038,Ë«ðØÒ©Òµ,35.89,35.94,35.24,35.24,35.4,0.49,1.3842,0.6862,951004,33926095.24,8915076000.0,4973832374.74
2009-01-08,'002038,Ë«ðØÒ©Òµ,35.4,35.75,34.75,34.95,35.38,0.02,0.0565,0.8584,1189652,42195692.93,8793360000.0,4905925496.4
2009-01-07,'002038,Ë«ðØÒ©Òµ,35.38,35.91,35.16,35.43,35.8,-0.42,-1.1732,0.6551,907855,32180970.84,8788392000.0,4903153787.08
2009-01-06,'002038,Ë«ðØÒ©Òµ,35.8,35.9,34.49,35.9,36.0,-0.2,-0.5556,1.3111,1817057,63749973.59,8892720000.0,4961359682.8
2009-01-05,'002038,Ë«ðØÒ©Òµ,36.0,37.18,35.88,37.09,36.68,-0.68,-1.8539,1.1123,1541428,55993833.17,8942400000.0,4989076776.0
2008-12-31,'002038,Ë«ðØÒ©Òµ,36.68,36.85,36.01,36.34,36.25,0.43,1.1862,0.7332,1016158,37145177.46,9111312000.0,5083314892.88
2008-12-30,'002038,Ë«ðØÒ©Òµ,36.25,36.27,35.15,35.4,35.35,0.9,2.546,0.8548,1184654,42457040.87,9004500000.0,5023723142.5
2008-12-29,'002038,Ë«ðØÒ©Òµ,35.35,35.67,34.3,35.29,35.36,-0.01,-0.0283,0.5072,702893,24559457.21,8780940000.0,4898996223.1
2008-12-26,'002038,Ë«ðØÒ©Òµ,35.36,35.88,34.9,35.4,35.36,0.0,0.0,0.6419,889594,31477904.3,8783424000.0,4900382077.76
2008-12-25,'002038,Ë«ðØÒ©Òµ,35.36,35.75,35.0,35.2,35.2,0.16,0.4545,1.1912,1650836,58424393.46,8783424000.0,4900382077.76
2008-12-24,'002038,Ë«ðØÒ©Òµ,35.2,35.78,34.6,34.77,34.99,0.21,0.6002,0.6935,961024,33779894.5,8743680000.0,4878208403.2
2008-12-23,'002038,Ë«ðØÒ©Òµ,34.99,36.81,34.68,36.81,37.0,-2.01,-5.4324,1.2991,1800368,63907182.76,8691516000.0,4849105455.34
2008-12-22,'002038,Ë«ðØÒ©Òµ,37.0,37.2,35.9,36.99,36.7,0.3,0.8174,1.0031,1390093,50876595.15,9190800000.0,5127662242.0
2008-12-19,'002038,Ë«ðØÒ©Òµ,36.7,36.88,35.37,35.4,35.3,1.4,3.966,1.2774,1770272,64198477.0,9116280000.0,5086086602.2
2008-12-18,'002038,Ë«ðØÒ©Òµ,35.3,35.65,34.9,35.1,35.28,0.02,0.0567,0.6326,876696,31017555.97,8768520000.0,4892066949.8
2008-12-17,'002038,Ë«ðØÒ©Òµ,35.28,35.6,33.4,33.6,33.27,2.01,6.0415,2.0851,2889644,100441097.87,8763552000.0,4889295240.48
2008-12-16,'002038,Ë«ðØÒ©Òµ,33.27,33.3,32.33,32.58,32.79,0.48,1.4639,0.7166,993087,32650135.87,8264268000.0,4610738453.82
2008-12-15,'002038,Ë«ðØÒ©Òµ,32.79,33.3,32.2,32.62,32.6,0.19,0.5828,0.3696,512144,16778214.19,8145036000.0,4544217430.14
2008-12-12,'002038,Ë«ðØÒ©Òµ,32.6,33.18,32.0,33.01,33.22,-0.62,-1.8663,1.1894,1648331,53497313.67,8097840000.0,4517886191.6
2008-12-11,'002038,Ë«ðØÒ©Òµ,33.22,34.98,33.03,34.75,34.63,-1.41,-4.0716,0.8377,1160890,39403181.06,8251848000.0,4603809180.52
2008-12-10,'002038,Ë«ðØÒ©Òµ,34.63,34.75,33.7,33.86,34.0,0.63,1.8529,0.8831,1223829,42161075.78,8602092000.0,4799214687.58
2008-12-09,'002038,Ë«ðØÒ©Òµ,34.0,35.03,33.5,33.92,34.18,-0.18,-0.5266,0.617,855135,29219046.98,8445600000.0,4711905844.0
2008-12-08,'002038,Ë«ðØÒ©Òµ,34.18,35.05,33.68,34.05,33.46,0.72,2.1518,0.9971,1381882,47541918.6,8490312000.0,4736851227.88
2008-12-05,'002038,Ë«ðØÒ©Òµ,33.46,33.5,31.78,32.02,32.3,1.16,3.5913,0.6752,935741,30640284.63,8311464000.0,4637069692.36
2008-12-04,'002038,Ë«ðØÒ©Òµ,32.3,33.33,32.25,32.72,32.7,-0.4,-1.2232,1.42,1967903,64292800.02,8023320000.0,4476310551.8
2008-12-03,'002038,Ë«ðØÒ©Òµ,32.7,32.8,31.24,31.24,31.25,1.45,4.64,1.3756,1906419,61791425.04,8122680000.0,4531744738.2
2008-12-02,'002038,Ë«ðØÒ©Òµ,31.25,31.61,29.61,29.98,30.25,1.0,3.3058,1.3725,1902064,59270631.83,7762500000.0,4330795812.5
2008-12-01,'002038,Ë«ðØÒ©Òµ,30.25,30.36,29.18,29.8,29.7,0.55,1.8519,0.4159,576333,17201428.67,7514100000.0,4192210346.5
2008-11-28,'002038,Ë«ðØÒ©Òµ,29.7,30.1,29.6,30.0,30.03,-0.33,-1.0989,0.3448,477800,14248209.08,7377480000.0,4115988340.2
2008-11-27,'002038,Ë«ðØÒ©Òµ,30.03,31.5,30.01,31.5,29.8,0.23,0.7718,0.8383,1161729,35690919.19,7459452000.0,4161721543.98
2008-11-26,'002038,Ë«ðØÒ©Òµ,29.8,30.18,29.6,29.6,29.99,-0.19,-0.6335,0.3905,541184,16176647.61,7402320000.0,4129846886.8
2008-11-25,'002038,Ë«ðØÒ©Òµ,29.99,30.99,29.38,30.56,30.49,-0.5,-1.6399,0.7874,1091243,32730136.82,7449516000.0,4156178125.34
2008-11-24,'002038,Ë«ðØÒ©Òµ,30.49,31.53,29.01,29.5,29.2,1.29,4.4178,1.6998,2355701,72323659.75,7573716000.0,4225470858.34
2008-11-21,'002038,Ë«ðØÒ©Òµ,29.2,29.7,28.01,29.01,29.25,-0.05,-0.1709,0.4922,682126,19629814.34,7253280000.0,4046695607.2
2008-11-20,'002038,Ë«ðØÒ©Òµ,29.25,29.89,28.65,29.13,29.01,0.24,0.8273,0.9267,1284243,37661867.76,7265700000.0,4053624880.5
2008-11-19,'002038,Ë«ðØÒ©Òµ,29.01,29.88,28.4,28.4,28.4,0.61,2.1479,0.6461,895364,26107477.43,7206084000.0,4020364368.66
2008-11-18,'002038,Ë«ðØÒ©Òµ,28.4,29.95,28.02,29.9,29.79,-1.39,-4.666,0.7171,993768,28743836.3,7054560000.0,3935827234.4
2008-11-17,'002038,Ë«ðØÒ©Òµ,29.79,30.09,28.9,28.93,28.91,0.88,3.0439,1.2284,1702412,50434095.39,7399836000.0,4128461032.14
2008-11-14,'002038,Ë«ðØÒ©Òµ,28.91,29.27,28.0,28.58,28.62,0.29,1.0133,0.7476,1036054,29674431.07,7181244000.0,4006505822.06
2008-11-13,'002038,Ë«ðØÒ©Òµ,28.62,29.2,27.6,27.81,28.0,0.62,2.2143,0.7117,986342,27966906.45,7109208000.0,3966316036.92
2008-11-12,'002038,Ë«ðØÒ©Òµ,28.0,28.37,27.7,27.79,27.94,0.06,0.2147,0.3883,538109,15056774.94,6955200000.0,3880393048.0
2008-11-11,'002038,Ë«ðØÒ©Òµ,27.94,28.16,27.3,27.5,27.74,0.2,0.721,0.5981,828840,22987743.0,6940296000.0,3872077920.04
2008-11-10,'002038,Ë«ðØÒ©Òµ,27.74,27.8,26.5,26.7,26.6,1.14,4.2857,0.7951,1101912,30072338.8,6890616000.0,3844360826.84
2008-11-07,'002038,Ë«ðØÒ©Òµ,0.0,0.0,0.0,0.0,26.6,None,None,0.0,0,0.0,6607440000.0,3686373395.6
2008-11-06,'002038,Ë«ðØÒ©Òµ,26.6,26.65,25.6,25.6,26.31,0.29,1.1022,0.2991,414529,10914466.86,6607440000.0,3686373395.6
2008-11-05,'002038,Ë«ðØÒ©Òµ,26.31,26.7,25.9,26.0,25.88,0.43,1.6615,0.3608,500023,13183397.79,6535404000.0,3646183610.46
2008-11-04,'002038,Ë«ðØÒ©Òµ,25.88,25.97,25.35,25.59,25.6,0.28,1.0938,0.337,467098,11955115.18,6428592000.0,3586591860.08
2008-11-03,'002038,Ë«ðØÒ©Òµ,25.6,26.57,25.0,26.08,26.49,-0.89,-3.3598,0.4587,635730,16259169.49,6359040000.0,3547787929.6
2008-10-31,'002038,Ë«ðØÒ©Òµ,26.49,26.7,26.3,26.34,26.54,-0.05,-0.1884,0.265,367276,9710518.53,6580116000.0,3671128994.34
2008-10-30,'002038,Ë«ðØÒ©Òµ,26.54,26.8,26.0,26.58,26.51,0.03,0.1132,0.7293,1010705,26629177.74,6592536000.0,3678058267.64
2008-10-29,'002038,Ë«ðØÒ©Òµ,26.51,27.9,26.5,27.0,26.68,-0.17,-0.6372,0.5319,737182,20001526.76,6585084000.0,3673900703.66
2008-10-28,'002038,Ë«ðØÒ©Òµ,26.68,26.99,26.02,26.3,26.68,0.0,0.0,0.4885,676965,17938856.47,6627312000.0,3697460232.88
2008-10-27,'002038,Ë«ðØÒ©Òµ,26.68,26.99,26.6,26.8,27.25,-0.57,-2.0917,0.8107,1123469,30055678.99,6627312000.0,3697460232.88
2008-10-24,'002038,Ë«ðØÒ©Òµ,27.25,27.59,25.8,26.16,26.16,1.09,4.1667,1.0497,1454746,39395141.49,6768900000.0,3776453948.5
2008-10-23,'002038,Ë«ðØÒ©Òµ,26.16,26.48,25.8,26.48,26.48,-0.32,-1.2085,0.3235,448377,11674823.6,6498144000.0,3625395790.56
2008-10-22,'002038,Ë«ðØÒ©Òµ,26.48,26.93,26.0,26.49,26.45,0.03,0.1134,0.1887,261447,6907435.72,6577632000.0,3669743139.68
2008-10-21,'002038,Ë«ðØÒ©Òµ,26.45,26.8,26.2,26.48,26.13,0.32,1.2246,0.4392,608691,16197222.46,6570180000.0,3665585575.7
2008-10-20,'002038,Ë«ðØÒ©Òµ,26.13,26.44,25.7,25.7,25.8,0.33,1.2791,0.3217,445824,11620867.8,6490692000.0,3621238226.58
2008-10-17,'002038,Ë«ðØÒ©Òµ,25.8,25.89,25.11,25.3,25.32,0.48,1.8957,0.2098,290753,7455673.82,6408720000.0,3575505022.8
2008-10-16,'002038,Ë«ðØÒ©Òµ,25.32,25.72,24.8,25.0,25.81,-0.49,-1.8985,0.32,443430,11203625.84,6289488000.0,3508983999.12
2008-10-15,'002038,Ë«ðØÒ©Òµ,25.81,27.49,25.5,26.44,26.65,-0.84,-3.152,0.9629,1334383,35428453.55,6411204000.0,3576890877.46
2008-10-14,'002038,Ë«ðØÒ©Òµ,26.65,28.44,26.53,28.4,27.52,-0.87,-3.1613,0.319,442103,12224512.1,6619860000.0,3693302668.9
2008-10-13,'002038,Ë«ðØÒ©Òµ,27.52,27.52,25.8,26.36,26.88,0.64,2.381,0.47,651289,17354536.62,6835968000.0,3813872024.32
2008-10-10,'002038,Ë«ðØÒ©Òµ,26.88,27.48,26.6,26.83,27.5,-0.62,-2.2545,0.4525,627056,16945445.73,6676992000.0,3725177326.08
2008-10-09,'002038,Ë«ðØÒ©Òµ,27.5,28.69,27.48,28.43,28.1,-0.6,-2.1352,0.2478,343458,9581173.12,6831000000.0,3811100315.0
2008-10-08,'002038,Ë«ðØÒ©Òµ,28.1,28.64,27.93,27.93,28.4,-0.3,-1.0563,0.2315,320761,9085025.42,6980040000.0,3894251594.6
2008-10-07,'002038,Ë«ðØÒ©Òµ,28.4,28.73,27.24,27.5,27.9,0.5,1.7921,0.3608,500004,14154740.54,7054560000.0,3935827234.4
2008-10-06,'002038,Ë«ðØÒ©Òµ,27.9,28.9,27.61,28.47,28.88,-0.98,-3.3934,0.3159,437820,12406795.7,6930360000.0,3866534501.4
2008-09-26,'002038,Ë«ðØÒ©Òµ,28.88,29.9,28.8,29.45,29.5,-0.62,-2.1017,0.8914,1235306,36233280.83,7173792000.0,4002348258.08
2008-09-25,'002038,Ë«ðØÒ©Òµ,29.5,29.52,27.7,28.38,29.0,0.5,1.7241,1.3406,1857828,53620178.34,7327800000.0,4088271247.0
2008-09-24,'002038,Ë«ðØÒ©Òµ,29.0,29.0,24.54,24.54,27.27,1.73,6.344,3.1065,4305204,110314837.9,7203600000.0,4018978514.0
2008-09-23,'002038,Ë«ðØÒ©Òµ,27.27,29.0,27.27,29.0,30.3,-3.03,-10.0,0.9557,1324450,36331664.3,6773868000.0,3779225657.82
2008-09-22,'002038,Ë«ðØÒ©Òµ,30.3,32.5,29.3,30.0,29.77,0.53,1.7803,1.5743,2181724,66993069.8,7526520000.0,4199139619.8
2008-09-19,'002038,Ë«ðØÒ©Òµ,29.77,29.77,28.62,29.2,27.06,2.71,10.0148,1.5462,2142777,63235915.15,7394868000.0,4125689322.82
2008-09-18,'002038,Ë«ðØÒ©Òµ,27.06,28.1,25.55,27.36,27.69,-0.63,-2.2752,1.0468,1450766,39166895.83,6721704000.0,3750122709.96
2008-09-17,'002038,Ë«ðØÒ©Òµ,27.69,27.97,26.8,26.98,26.68,1.01,3.7856,1.0776,1493329,41335722.21,6878196000.0,3837431553.54
2008-09-16,'002038,Ë«ðØÒ©Òµ,26.68,27.5,25.93,26.69,26.45,0.23,0.8696,0.4961,687465,18466835.32,6627312000.0,3697460232.88
2008-09-12,'002038,Ë«ðØÒ©Òµ,26.45,27.2,25.69,25.7,25.7,0.75,2.9183,0.472,654080,17391016.74,6570180000.0,3665585575.7
2008-09-11,'002038,Ë«ðØÒ©Òµ,25.7,26.79,24.7,25.08,25.15,0.55,2.1869,1.0964,1519504,39597501.31,6383880000.0,3561646476.2
2008-09-10,'002038,Ë«ðØÒ©Òµ,25.15,26.0,24.5,25.93,25.88,-0.73,-2.8207,1.5282,2117908,53159772.32,6247260000.0,3485424469.9
2008-09-09,'002038,Ë«ðØÒ©Òµ,25.88,26.15,25.34,25.62,25.61,0.27,1.0543,0.456,631998,16367275.96,6428592000.0,3586591860.08
2008-09-08,'002038,Ë«ðØÒ©Òµ,25.61,26.09,25.1,26.0,26.0,-0.39,-1.5,0.3052,422957,10829275.32,6361524000.0,3549173784.26
2008-09-05,'002038,Ë«ðØÒ©Òµ,26.0,26.4,25.5,26.0,26.63,-0.63,-2.3658,0.2935,406770,10621913.35,6458400000.0,3603222116.0
2008-09-04,'002038,Ë«ðØÒ©Òµ,26.63,27.15,25.62,26.22,26.47,0.16,0.6045,0.3099,429426,11318988.83,6614892000.0,3690530959.58
2008-09-03,'002038,Ë«ðØÒ©Òµ,26.47,28.79,26.4,28.5,28.7,-2.23,-7.77,0.9582,1327980,36367195.21,6575148000.0,3668357285.02
2008-09-02,'002038,Ë«ðØÒ©Òµ,28.7,29.0,28.35,28.5,28.5,0.2,0.7018,0.2592,359177,10312366.27,7129080000.0,3977402874.2
2008-09-01,'002038,Ë«ðØÒ©Òµ,28.5,29.31,28.2,29.3,29.3,-0.8,-2.7304,0.1468,203435,5808271.16,7079400000.0,3949685781.0
2008-08-29,'002038,Ë«ðØÒ©Òµ,29.3,29.73,28.3,28.5,28.5,0.8,2.807,0.2871,397860,11615206.12,7278120000.0,4060554153.8
2008-08-28,'002038,Ë«ðØÒ©Òµ,28.5,28.58,27.61,28.44,28.5,0.0,0.0,0.409,566783,15973668.7,7079400000.0,3949685781.0
2008-08-27,'002038,Ë«ðØÒ©Òµ,28.5,29.9,27.81,29.68,29.7,-1.2,-4.0404,0.6335,877904,25042031.78,7079400000.0,3949685781.0
2008-08-26,'002038,Ë«ðØÒ©Òµ,29.7,30.3,28.3,29.75,29.75,-0.05,-0.1681,0.7222,1000907,29317298.73,7377480000.0,4115988340.2
2008-08-25,'002038,Ë«ðØÒ©Òµ,29.75,30.4,29.47,29.69,30.05,-0.3,-0.9983,0.3096,429128,12855774.21,7389900000.0,4122917613.5
2008-08-22,'002038,Ë«ðØÒ©Òµ,30.05,31.7,29.61,31.35,31.5,-1.45,-4.6032,0.8977,1244089,37635848.8,7464420000.0,4164493253.3
2008-08-21,'002038,Ë«ðØÒ©Òµ,31.5,32.61,31.3,32.5,32.59,-1.09,-3.3446,0.5482,759663,24191615.76,7824600000.0,4365442179.0
2008-08-20,'002038,Ë«ðØÒ©Òµ,32.59,32.6,29.51,29.51,29.8,2.79,9.3624,1.2029,1667097,53394762.0,8095356000.0,4516500336.94
2008-08-19,'002038,Ë«ðØÒ©Òµ,29.8,30.2,29.53,29.86,29.85,-0.05,-0.1675,0.2511,347919,10376567.68,7402320000.0,4129846886.8
2008-08-18,'002038,Ë«ðØÒ©Òµ,29.85,31.0,29.5,30.87,30.87,-1.02,-3.3042,0.2799,387909,11702413.11,7414740000.0,4136776160.1
2008-08-15,'002038,Ë«ðØÒ©Òµ,30.87,30.98,30.45,30.96,30.6,0.27,0.8824,0.257,356203,10986008.74,7668108000.0,4278133335.42
2008-08-14,'002038,Ë«ðØÒ©Òµ,30.6,31.0,30.24,30.24,30.24,0.36,1.1905,0.2531,350785,10732077.97,7601040000.0,4240715259.6
2008-08-13,'002038,Ë«ðØÒ©Òµ,30.24,30.77,29.02,29.02,29.44,0.8,2.7174,0.5284,732270,22066758.78,7511616000.0,4190824491.84
2008-08-12,'002038,Ë«ðØÒ©Òµ,29.44,30.04,29.13,29.3,29.5,-0.06,-0.2034,0.3419,473879,14089570.25,7312896000.0,4079956119.04
2008-08-11,'002038,Ë«ðØÒ©Òµ,29.5,30.1,29.2,29.6,30.01,-0.51,-1.6994,0.9705,1345026,39749308.31,7327800000.0,4088271247.0
2008-08-08,'002038,Ë«ðØÒ©Òµ,30.01,31.4,29.9,31.22,31.22,-1.21,-3.8757,0.7331,1015944,30988836.13,7454484000.0,4158949834.66
2008-08-07,'002038,Ë«ðØÒ©Òµ,31.22,31.9,31.15,31.68,31.82,-0.6,-1.8856,0.3666,508122,15950549.05,7755048000.0,4326638248.52
2008-08-06,'002038,Ë«ðØÒ©Òµ,31.82,32.2,31.25,31.3,31.2,0.62,1.9872,0.3891,539227,17155785.38,7904088000.0,4409789528.12
2008-08-05,'002038,Ë«ðØÒ©Òµ,31.2,32.28,31.2,31.61,31.75,-0.55,-1.7323,0.5092,705718,22232456.73,7750080000.0,4323866539.2
2008-08-04,'002038,Ë«ðØÒ©Òµ,31.75,33.0,31.6,32.66,32.7,-0.95,-2.9052,0.4673,647639,20843346.67,7886700000.0,4400088545.5
2008-08-01,'002038,Ë«ðØÒ©Òµ,32.7,32.9,31.2,31.5,32.0,0.7,2.1875,0.8031,1112964,35964947.69,8122680000.0,4531744738.2
2008-07-31,'002038,Ë«ðØÒ©Òµ,32.0,32.61,30.4,32.08,32.21,-0.21,-0.652,1.0438,1446505,45413743.49,7948800000.0,4434734912.0
2008-07-30,'002038,Ë«ðØÒ©Òµ,32.21,33.68,32.01,33.19,32.9,-0.69,-2.0973,0.5539,767660,25071123.16,8000964000.0,4463837859.86
2008-07-29,'002038,Ë«ðØÒ©Òµ,32.9,33.15,32.0,32.0,32.7,0.2,0.6116,0.7206,998673,32613944.12,8172360000.0,4559461831.4
2008-07-28,'002038,Ë«ðØÒ©Òµ,32.7,33.75,32.21,32.4,32.15,0.55,1.7107,1.1535,1598557,52905575.64,8122680000.0,4531744738.2
2008-07-25,'002038,Ë«ðØÒ©Òµ,32.15,32.45,31.02,31.61,31.6,0.55,1.7405,1.1074,1534656,49247616.34,7986060000.0,4455522731.9
2008-07-24,'002038,Ë«ðØÒ©Òµ,31.6,31.79,31.25,31.5,31.29,0.31,0.9907,0.6888,954571,30104489.16,7849440000.0,4379300725.6
2008-07-23,'002038,Ë«ðØÒ©Òµ,31.29,31.98,30.68,31.18,31.11,0.18,0.5786,0.8642,1197679,37478361.97,7772436000.0,4336339231.14
2008-07-22,'002038,Ë«ðØÒ©Òµ,31.11,31.7,31.04,31.2,31.46,-0.35,-1.1125,1.0554,1462649,45897629.16,7727724000.0,4311393847.26
2008-07-21,'002038,Ë«ðØÒ©Òµ,31.46,32.99,30.7,30.75,31.08,0.38,1.2227,2.0692,2867619,91787389.52,7814664000.0,4359898760.36
2008-07-18,'002038,Ë«ðØÒ©Òµ,31.08,31.2,29.2,29.81,29.44,1.64,5.5707,3.2127,4452382,135003015.61,7720272000.0,4307236283.28
2008-07-17,'002038,Ë«ðØÒ©Òµ,29.44,29.44,27.18,27.38,26.76,2.68,10.0149,3.952,5476919,158231729.73,7312896000.0,4079956119.04
2008-07-16,'002038,Ë«ðØÒ©Òµ,26.76,27.46,26.25,26.45,26.92,-0.16,-0.5944,0.6954,963729,25919345.97,6647184000.0,3708547070.16
2008-07-15,'002038,Ë«ðØÒ©Òµ,26.92,28.46,26.32,27.99,27.85,-0.93,-3.3393,0.7113,985736,26948596.38,6686928000.0,3730720744.72
2008-07-14,'002038,Ë«ðØÒ©Òµ,27.85,27.99,27.01,27.54,27.55,0.3,1.0889,0.4368,605372,16771360.37,6917940000.0,3859605228.1
2008-07-11,'002038,Ë«ðØÒ©Òµ,27.55,28.2,27.11,27.8,27.81,-0.26,-0.9349,0.7607,1054192,29010515.14,6843420000.0,3818029588.3
2008-07-10,'002038,Ë«ðØÒ©Òµ,27.81,29.7,27.65,28.11,28.64,-0.83,-2.898,0.9284,1286574,36965867.86,6908004000.0,3854061809.46
2008-07-09,'002038,Ë«ðØÒ©Òµ,28.64,28.66,27.18,27.2,27.5,1.14,4.1455,0.9967,1381288,39029826.63,7114176000.0,3969087746.24
2008-07-08,'002038,Ë«ðØÒ©Òµ,27.5,27.79,26.8,27.3,27.16,0.34,1.2518,1.3281,1840566,50318670.46,6831000000.0,3811100315.0
2008-07-07,'002038,Ë«ðØÒ©Òµ,27.16,27.75,25.78,25.8,25.8,1.36,5.2713,0.9621,1333381,36103738.39,6746544000.0,3763981256.56
2008-07-04,'002038,Ë«ðØÒ©Òµ,25.8,26.79,25.09,25.16,25.08,0.72,2.8708,1.1884,1646917,42647978.62,6408720000.0,3575505022.8
2008-07-03,'002038,Ë«ðØÒ©Òµ,25.08,25.08,22.45,22.7,22.8,2.28,10.0,1.2777,1770674,42875627.98,6229872000.0,3475723487.28
2008-07-02,'002038,Ë«ðØÒ©Òµ,22.8,23.26,22.45,22.45,22.45,0.35,1.559,0.5751,797017,18279043.06,5663520000.0,3159748624.8
2008-07-01,'002038,Ë«ðØÒ©Òµ,22.45,24.48,22.35,24.28,23.8,-1.35,-5.6723,3.1729,4397237,102092529.93,5576580000.0,3111243711.7
2008-06-30,'002038,Ë«ðØÒ©Òµ,23.8,24.98,23.7,24.1,24.71,-0.91,-3.6827,0.7824,1084295,26125491.5,5911920000.0,3298334090.8
2008-06-27,'002038,Ë«ðØÒ©Òµ,24.71,25.49,24.02,25.31,26.3,-1.59,-6.0456,0.8712,1207409,29915288.87,6137964000.0,3424446864.86
2008-06-26,'002038,Ë«ðØÒ©Òµ,26.3,27.29,25.8,26.59,26.5,-0.2,-0.7547,1.1032,1528900,40468234.88,6532920000.0,3644797755.8
2008-06-25,'002038,Ë«ðØÒ©Òµ,26.5,26.8,25.69,26.0,25.98,0.52,2.0015,1.2436,1723411,45408285.22,6582600000.0,3672514849.0
2008-06-24,'002038,Ë«ðØÒ©Òµ,25.98,26.3,25.2,25.8,25.66,0.32,1.2471,0.5338,739721,19121094.48,6453432000.0,3600450406.68
2008-06-23,'002038,Ë«ðØÒ©Òµ,25.66,26.3,24.66,25.45,25.45,0.21,0.8251,0.2822,391084,10076117.66,6373944000.0,3556103057.56
2008-06-20,'002038,Ë«ðØÒ©Òµ,25.45,26.4,24.0,24.91,24.86,0.59,2.3733,0.5641,781730,20016455.69,6321780000.0,3527000109.7
2008-06-19,'002038,Ë«ðØÒ©Òµ,24.86,26.92,24.7,26.92,26.9,-2.04,-7.5836,0.5694,789067,20166463.27,6175224000.0,3445234684.76
2008-06-18,'002038,Ë«ðØÒ©Òµ,26.9,27.18,25.1,25.5,25.7,1.2,4.6693,0.5195,719916,18873800.36,6681960000.0,3727949035.4
2008-06-17,'002038,Ë«ðØÒ©Òµ,25.7,26.58,25.05,26.2,26.2,-0.5,-1.9084,0.4696,650747,16854513.81,6383880000.0,3561646476.2
2008-06-16,'002038,Ë«ðØÒ©Òµ,26.2,27.1,25.4,26.6,26.66,-0.46,-1.7254,0.4792,664150,17513551.06,6508080000.0,3630939209.2
2008-06-13,'002038,Ë«ðØÒ©Òµ,26.66,27.2,26.48,26.83,26.6,0.06,0.2256,0.5511,763720,20490466.47,6622344000.0,3694688523.56
2008-06-12,'002038,Ë«ðØÒ©Òµ,26.6,27.3,26.08,26.99,27.0,-0.4,-1.4815,0.684,947876,25224527.4,6607440000.0,3686373395.6
2008-06-11,'002038,Ë«ðØÒ©Òµ,27.0,27.69,26.89,27.15,27.13,-0.13,-0.4792,0.5972,827567,22513045.64,6706800000.0,3741807582.0
2008-06-10,'002038,Ë«ðØÒ©Òµ,27.13,29.0,27.0,28.22,30.0,-2.87,-9.5667,0.8874,1229791,34275896.04,6739092000.0,3759823692.58
2008-06-06,'002038,Ë«ðØÒ©Òµ,30.0,30.69,29.82,30.44,30.4,-0.4,-1.3158,0.4198,581798,17462694.55,7452000000.0,4157563980.0
2008-06-05,'002038,Ë«ðØÒ©Òµ,30.4,30.8,30.23,30.24,30.42,-0.02,-0.0657,0.2369,328280,10022033.14,7551360000.0,4212998166.4
2008-06-04,'002038,Ë«ðØÒ©Òµ,30.42,30.99,30.21,30.82,30.82,-0.4,-1.2979,0.3154,437087,13334235.86,7556328000.0,4215769875.72
2008-06-03,'002038,Ë«ðØÒ©Òµ,30.82,31.0,30.0,30.49,30.0,0.82,2.7333,0.7933,1099350,33781444.09,7655688000.0,4271204062.12
2008-06-02,'002038,Ë«ðØÒ©Òµ,30.0,30.45,29.66,30.19,30.19,-0.19,-0.6293,0.8296,1149773,34519359.02,7452000000.0,4157563980.0
2008-05-30,'002038,Ë«ðØÒ©Òµ,30.19,31.2,29.6,30.49,30.4,-0.21,-0.6908,1.283,1778097,53547132.85,7499196000.0,4183895218.54
2008-05-29,'002038,Ë«ðØÒ©Òµ,30.4,31.85,30.4,31.45,31.27,-0.87,-2.7822,0.5465,757325,23653281.35,7551360000.0,4212998166.4
2008-05-28,'002038,Ë«ðØÒ©Òµ,31.27,31.5,30.6,30.9,30.81,0.46,1.493,0.5475,758749,23616973.77,7767468000.0,4333567521.82
2008-05-27,'002038,Ë«ðØÒ©Òµ,30.81,31.5,30.03,30.03,30.45,0.36,1.1823,0.5935,822536,25267970.76,7653204000.0,4269818207.46
2008-05-26,'002038,Ë«ðØÒ©Òµ,30.45,31.5,30.21,30.4,30.84,-0.39,-1.2646,0.6556,908590,27923904.08,7563780000.0,4219927439.7
2008-05-23,'002038,Ë«ðØÒ©Òµ,30.84,31.97,30.4,31.0,31.42,-0.58,-1.846,0.7179,994917,30702378.76,7660656000.0,4273975771.44
2008-05-22,'002038,Ë«ðØÒ©Òµ,31.42,32.48,31.3,32.48,32.69,-1.27,-3.885,0.7241,1003497,31884917.25,7804728000.0,4354355341.72
2008-05-21,'002038,Ë«ðØÒ©Òµ,32.69,32.89,30.5,31.0,31.7,0.99,3.123,1.4094,1953189,61202661.46,8120196000.0,4530358883.54
2008-05-20,'002038,Ë«ðØÒ©Òµ,31.7,34.78,31.05,34.3,34.31,-2.61,-7.6071,1.8587,2575825,84580385.23,7874280000.0,4393159272.2
2008-05-19,'002038,Ë«ðØÒ©Òµ,34.31,35.71,34.01,34.01,34.6,-0.29,-0.8382,1.0768,1492321,52232845.21,8522604000.0,4754867338.46
2008-05-16,'002038,Ë«ðØÒ©Òµ,34.6,35.7,33.85,34.01,34.41,0.19,0.5522,1.3798,1912193,66124313.45,8594640000.0,4795057123.6
2008-05-15,'002038,Ë«ðØÒ©Òµ,34.41,36.38,34.41,36.38,36.38,-1.97,-5.4151,2.1297,2951511,103387714.87,8547444000.0,4768725885.06
2008-05-14,'002038,Ë«ðØÒ©Òµ,36.38,39.43,34.88,38.5,38.12,-1.74,-4.5645,4.611,6390165,238575474.31,9036792000.0,5041739253.08
2008-05-13,'002038,Ë«ðØÒ©Òµ,38.12,38.12,34.3,34.63,34.65,3.47,10.0144,6.1262,8490003,313052943.27,9469008000.0,5282877963.92
2008-05-12,'002038,Ë«ðØÒ©Òµ,34.65,34.65,30.6,30.7,31.5,3.15,10.0,2.9112,4034500,138429783.51,8607060000.0,4801986396.9
2008-05-09,'002038,Ë«ðØÒ©Òµ,31.5,32.99,30.8,32.91,32.4,-0.9,-2.7778,0.9781,1355527,43226122.92,7824600000.0,4365442179.0
2008-05-08,'002038,Ë«ðØÒ©Òµ,64.9,65.4,61.02,62.79,62.88,2.02,3.2125,1.5743,1103060,70395027.23,8060580000.0,4547218500.0
2008-05-07,'002038,Ë«ðØÒ©Òµ,62.88,67.2,62.68,66.19,65.98,-3.1,-4.6984,1.1167,782406,50582671.21,7809696000.0,4405687200.0
2008-05-06,'002038,Ë«ðØÒ©Òµ,65.98,68.0,65.11,67.0,66.0,-0.02,-0.0303,1.226,859007,57274556.37,8194716000.0,4622888700.0
2008-05-05,'002038,Ë«ðØÒ©Òµ,66.0,66.61,62.88,63.6,62.49,3.51,5.6169,1.9139,1340947,87187994.63,8197200000.0,4624290000.0
2008-04-30,'002038,Ë«ðØÒ©Òµ,62.49,64.66,61.8,61.8,61.8,0.69,1.1165,1.0684,748574,47140537.13,7761258000.0,4378361850.0
2008-04-29,'002038,Ë«ðØÒ©Òµ,61.8,62.29,59.0,60.2,59.98,1.82,3.0343,0.774,542333,32982913.42,7675560000.0,4330017000.0
2008-04-28,'002038,Ë«ðØÒ©Òµ,59.98,62.3,59.92,62.3,61.8,-1.82,-2.945,0.5923,415025,25269453.49,7449516000.0,4202498700.0
2008-04-25,'002038,Ë«ðØÒ©Òµ,61.8,62.64,61.0,62.38,63.0,-1.2,-1.9048,1.1386,797752,49296240.2,7675560000.0,4330017000.0
2008-04-24,'002038,Ë«ðØÒ©Òµ,63.0,64.13,60.5,62.06,58.3,4.7,8.0617,2.1172,1483443,92192791.94,7824600000.0,4414095000.0
2008-04-23,'002038,Ë«ðØÒ©Òµ,58.3,59.25,56.7,56.8,57.0,1.3,2.2807,0.9783,685447,39932752.45,7240860000.0,4084789500.0
2008-04-22,'002038,Ë«ðØÒ©Òµ,57.0,57.74,53.5,56.4,56.8,0.2,0.3521,0.6907,483911,26821609.95,7079400000.0,3993705000.0
2008-04-21,'002038,Ë«ðØÒ©Òµ,56.8,59.4,55.01,56.5,55.0,1.8,3.2727,0.7747,542764,31089452.91,7054560000.0,3979692000.0
2008-04-18,'002038,Ë«ðØÒ©Òµ,55.0,56.6,54.01,54.11,55.05,-0.05,-0.0908,0.7527,527346,29185031.09,6831000000.0,3853575000.0
2008-04-17,'002038,Ë«ðØÒ©Òµ,55.05,58.52,55.02,57.8,57.6,-2.55,-4.4271,0.5127,359223,20467660.74,6837210000.0,3857078250.0
2008-04-16,'002038,Ë«ðØÒ©Òµ,57.6,58.65,55.5,56.9,56.78,0.82,1.4442,0.5331,373502,21348555.8,7153920000.0,4035744000.0
2008-04-15,'002038,Ë«ðØÒ©Òµ,56.78,56.78,53.99,56.0,55.3,1.48,2.6763,0.5578,390811,21501791.14,7052076000.0,3978290700.0
2008-04-14,'002038,Ë«ðØÒ©Òµ,55.3,57.98,55.23,57.36,58.03,-2.73,-4.7045,0.7367,516173,28943106.96,6868260000.0,3874594500.0
2008-04-11,'002038,Ë«ðØÒ©Òµ,58.03,59.89,57.81,59.0,58.02,0.01,0.0172,0.2885,202119,11838976.06,7207326000.0,4065871950.0
2008-04-10,'002038,Ë«ðØÒ©Òµ,58.02,58.6,55.2,55.2,55.5,2.52,4.5405,0.5643,395349,22596160.32,7206084000.0,4065171300.0
2008-04-09,'002038,Ë«ðØÒ©Òµ,55.5,60.2,55.5,56.95,56.8,-1.3,-2.2887,0.6843,479454,27802149.49,6893100000.0,3888607500.0
2008-04-08,'002038,Ë«ðØÒ©Òµ,56.8,56.88,54.8,54.81,55.69,1.11,1.9932,0.7637,535068,29911158.11,7054560000.0,3979692000.0
2008-04-07,'002038,Ë«ðØÒ©Òµ,55.69,56.14,52.9,52.99,53.98,1.71,3.1678,0.8661,606818,33365427.84,6916698000.0,3901919850.0
2008-04-03,'002038,Ë«ðØÒ©Òµ,53.98,54.2,48.03,49.01,49.34,4.64,9.4041,0.7801,546581,27965570.53,6704316000.0,3782108700.0
2008-04-02,'002038,Ë«ðØÒ©Òµ,49.34,53.88,49.2,50.9,52.05,-2.71,-5.2065,0.9524,667278,34036169.26,6128028000.0,3457007100.0
2008-04-01,'002038,Ë«ðØÒ©Òµ,0.0,0.0,0.0,0.0,52.05,None,None,0.0,0,0.0,6464610000.0,3646883250.0
2008-03-31,'002038,Ë«ðØÒ©Òµ,52.05,53.0,50.12,51.99,53.01,-0.96,-1.811,0.3607,252722,13199395.7,6464610000.0,3646883250.0
2008-03-28,'002038,Ë«ðØÒ©Òµ,53.01,53.53,49.03,50.51,51.1,1.91,3.7378,0.4118,288538,14873912.0,6583842000.0,3714145650.0
2008-03-27,'002038,Ë«ðØÒ©Òµ,51.1,53.1,51.1,53.1,53.21,-2.11,-3.9654,0.5634,394743,20391542.5,6346620000.0,3580321500.0
2008-03-26,'002038,Ë«ðØÒ©Òµ,53.21,54.6,52.33,53.68,52.97,0.24,0.4531,1.0156,711588,38192326.75,6608682000.0,3728158650.0
2008-03-25,'002038,Ë«ðØÒ©Òµ,52.97,53.5,51.5,52.47,52.7,0.27,0.5123,0.3638,254872,13375208.91,6578874000.0,3711343050.0
2008-03-24,'002038,Ë«ðØÒ©Òµ,52.7,54.99,52.6,54.99,54.2,-1.5,-2.7675,0.2653,185900,9991914.98,6545340000.0,3692425500.0
2008-03-21,'002038,Ë«ðØÒ©Òµ,54.2,54.88,52.05,52.25,53.0,1.2,2.2642,0.7427,520367,28067153.01,6731640000.0,3797523000.0
2008-03-20,'002038,Ë«ðØÒ©Òµ,53.0,53.68,47.38,50.0,51.2,1.8,3.5156,1.4228,996915,50576459.9,6582600000.0,3713445000.0
2008-03-19,'002038,Ë«ðØÒ©Òµ,51.2,53.46,50.2,51.21,50.15,1.05,2.0937,1.1755,823621,42845289.06,6359040000.0,3587328000.0
2008-03-18,'002038,Ë«ðØÒ©Òµ,50.15,53.79,48.6,52.02,54.0,-3.85,-7.1296,1.4434,1011316,51138324.49,6228630000.0,3513759750.0
2008-03-17,'002038,Ë«ðØÒ©Òµ,54.0,57.85,54.0,57.51,58.0,-4.0,-6.8966,1.85,1296206,71532400.59,6706800000.0,3783510000.0
2008-03-14,'002038,Ë«ðØÒ©Òµ,58.0,60.3,58.0,60.01,59.6,-1.6,-2.6846,0.8129,569539,33332942.41,7203600000.0,4063770000.0
2008-03-13,'002038,Ë«ðØÒ©Òµ,59.6,60.51,57.81,59.01,60.0,-0.4,-0.6667,1.2325,863574,51002475.63,7402320000.0,4175874000.0
2008-03-12,'002038,Ë«ðØÒ©Òµ,60.0,61.95,59.55,61.95,60.7,-0.7,-1.1532,0.3751,262836,15859927.18,7452000000.0,4203900000.0
2008-03-11,'002038,Ë«ðØÒ©Òµ,60.7,60.9,59.58,60.65,60.68,0.02,0.033,0.6452,452056,27215942.4,7538940000.0,4252945500.0
2008-03-10,'002038,Ë«ðØÒ©Òµ,60.68,63.51,60.45,62.51,63.51,-2.83,-4.456,2.4505,1716913,104675083.4,7536456000.0,4251544200.0
2008-03-07,'002038,Ë«ðØÒ©Òµ,63.51,64.88,63.2,64.5,64.16,-0.65,-1.0131,0.4029,282300,18050424.3,7887942000.0,4449828150.0
2008-03-06,'002038,Ë«ðØÒ©Òµ,64.16,65.3,62.52,64.0,63.89,0.27,0.4226,0.6408,448999,28743936.14,7968672000.0,4495370400.0
2008-03-05,'002038,Ë«ðØÒ©Òµ,63.89,65.5,62.13,63.83,64.79,-0.9,-1.3891,0.6714,470425,29868981.2,7935138000.0,4476452850.0
2008-03-04,'002038,Ë«ðØÒ©Òµ,64.79,67.38,62.6,65.88,65.51,-0.72,-1.0991,0.8167,572250,37298675.08,8046918000.0,4539511350.0
2008-03-03,'002038,Ë«ðØÒ©Òµ,65.51,66.5,60.11,60.7,60.7,4.81,7.9242,1.651,1156780,74580695.95,8136342000.0,4589958150.0
2008-02-29,'002038,Ë«ðØÒ©Òµ,60.7,61.68,60.1,60.78,60.78,-0.08,-0.1316,0.7616,533608,32395219.32,7538940000.0,4252945500.0
2008-02-28,'002038,Ë«ðØÒ©Òµ,60.78,62.0,60.12,61.0,62.0,-1.22,-1.9677,0.7184,503366,30757498.84,7548876000.0,4258550700.0
2008-02-27,'002038,Ë«ðØÒ©Òµ,62.0,62.8,59.5,59.8,59.55,2.45,4.1142,1.9992,1400747,85225171.36,7700400000.0,4344030000.0
2008-02-26,'002038,Ë«ðØÒ©Òµ,59.55,63.4,58.0,63.4,62.22,-2.67,-4.2912,2.1576,1511721,91041797.03,7396110000.0,4172370750.0
2008-02-25,'002038,Ë«ðØÒ©Òµ,62.22,66.99,61.67,65.9,65.9,-3.68,-5.5842,0.7941,556366,35380442.28,7727724000.0,4359444300.0
2008-02-22,'002038,Ë«ðØÒ©Òµ,65.9,68.17,65.01,67.51,67.71,-1.81,-2.6732,0.7119,498796,33169676.29,8184780000.0,4617283500.0
2008-02-21,'002038,Ë«ðØÒ©Òµ,67.71,70.46,66.13,69.0,69.01,-1.3,-1.8838,0.7807,547026,37600846.27,8409582000.0,4744101150.0
2008-02-20,'002038,Ë«ðØÒ©Òµ,69.01,69.8,67.66,68.79,68.6,0.41,0.5977,0.5111,358135,24638295.43,8571042000.0,4835185650.0
2008-02-19,'002038,Ë«ðØÒ©Òµ,68.6,70.0,67.51,68.35,68.29,0.31,0.4539,0.647,453301,31107766.62,8520120000.0,4806459000.0
2008-02-18,'002038,Ë«ðØÒ©Òµ,68.29,68.92,66.5,66.5,65.5,2.79,4.2595,0.7682,538227,36681867.49,8481618000.0,4784738850.0
2008-02-15,'002038,Ë«ðØÒ©Òµ,65.5,65.5,62.02,63.39,63.45,2.05,3.2309,0.5627,394229,25386128.54,8135100000.0,4589257500.0
2008-02-14,'002038,Ë«ðØÒ©Òµ,63.45,64.0,62.0,62.0,61.99,1.46,2.3552,0.2281,159785,10111499.72,7880490000.0,4445624250.0
2008-02-13,'002038,Ë«ðØÒ©Òµ,61.99,63.98,60.55,63.0,64.18,-2.19,-3.4123,0.2321,162625,10164013.85,7699158000.0,4343329350.0
2008-02-05,'002038,Ë«ðØÒ©Òµ,64.18,65.8,63.59,65.0,65.79,-1.61,-2.4472,0.4251,297840,19196771.62,7971156000.0,4496771700.0
2008-02-04,'002038,Ë«ðØÒ©Òµ,65.79,65.79,60.88,62.79,60.5,5.29,8.7438,0.9196,644351,40451752.61,8171118000.0,4609576350.0
2008-02-01,'002038,Ë«ðØÒ©Òµ,60.5,60.8,56.08,60.1,60.0,0.5,0.8333,1.3581,951559,55915041.11,7514100000.0,4238932500.0
2008-01-31,'002038,Ë«ðØÒ©Òµ,60.0,66.0,59.0,65.3,65.22,-5.22,-8.0037,0.8792,616013,38079593.92,7452000000.0,4203900000.0
2008-01-30,'002038,Ë«ðØÒ©Òµ,65.22,67.7,64.17,65.6,65.5,-0.28,-0.4275,0.3814,267240,17559717.6,8100324000.0,4569639300.0
2008-01-29,'002038,Ë«ðØÒ©Òµ,65.5,67.68,64.65,65.0,65.5,0.0,0.0,0.6668,467191,30811922.9,8135100000.0,4589257500.0
2008-01-28,'002038,Ë«ðØÒ©Òµ,65.5,71.98,64.13,71.98,70.91,-5.41,-7.6294,1.5994,1120638,74857535.86,8135100000.0,4589257500.0
2008-01-25,'002038,Ë«ðØÒ©Òµ,70.91,71.59,69.01,70.88,69.9,1.01,1.4449,0.8065,565098,39880871.46,8807022000.0,4968309150.0
2008-01-24,'002038,Ë«ðØÒ©Òµ,69.9,70.4,66.89,66.89,66.48,3.42,5.1444,1.9751,1383839,95932116.51,8681580000.0,4897543500.0
2008-01-23,'002038,Ë«ðØÒ©Òµ,66.48,66.94,59.5,59.5,60.85,5.63,9.2523,1.5634,1095372,69403231.61,8256816000.0,4657921200.0
2008-01-22,'002038,Ë«ðØÒ©Òµ,60.85,62.1,57.0,60.99,61.57,-0.72,-1.1694,2.9846,2091148,124532546.12,7557570000.0,4263455250.0
2008-01-21,'002038,Ë«ðØÒ©Òµ,61.57,62.69,61.0,61.5,61.5,0.07,0.1138,1.2332,864045,53111965.28,7646994000.0,4313902050.0
2008-01-18,'002038,Ë«ðØÒ©Òµ,61.5,64.9,60.3,62.53,63.25,-1.75,-2.7668,1.0756,753594,46341898.11,7638300000.0,4308997500.0
2008-01-17,'002038,Ë«ðØÒ©Òµ,63.25,67.5,61.0,64.28,64.76,-1.51,-2.3317,2.0916,1465445,93502770.55,7855650000.0,4431611250.0
2008-01-16,'002038,Ë«ðØÒ©Òµ,64.76,67.98,63.7,63.7,64.9,-0.14,-0.2157,1.3349,935276,61107497.2,8043192000.0,4537409400.0
2008-01-15,'002038,Ë«ðØÒ©Òµ,64.9,64.98,60.0,60.74,60.43,4.47,7.397,1.4249,998382,63026845.21,8060580000.0,4547218500.0
2008-01-14,'002038,Ë«ðØÒ©Òµ,60.43,61.6,60.37,61.6,61.36,-0.93,-1.5156,0.6009,420986,25563380.74,7505406000.0,4234027950.0
2008-01-11,'002038,Ë«ðØÒ©Òµ,61.36,61.45,59.0,59.8,59.8,1.56,2.6087,1.0109,708272,42674266.73,7620912000.0,4299188400.0
2008-01-10,'002038,Ë«ðØÒ©Òµ,59.8,60.4,59.01,60.15,59.6,0.2,0.3356,1.3595,952568,56883091.39,7427160000.0,4189887000.0
2008-01-09,'002038,Ë«ðØÒ©Òµ,59.6,59.9,57.92,58.01,58.14,1.46,2.5112,0.8954,627388,36976530.51,7402320000.0,4175874000.0
2008-01-08,'002038,Ë«ðØÒ©Òµ,58.14,59.9,57.41,59.9,59.54,-1.4,-2.3514,1.9189,1344508,78253112.79,7220988000.0,4073579100.0
2008-01-07,'002038,Ë«ðØÒ©Òµ,59.54,61.0,58.36,60.02,61.11,-1.57,-2.5691,3.3867,2372902,140202580.01,7394868000.0,4171670100.0
2008-01-04,'002038,Ë«ðØÒ©Òµ,61.11,63.2,59.01,61.41,62.4,-1.29,-2.0673,1.8967,1328924,80347328.77,7589862000.0,4281672150.0
2008-01-03,'002038,Ë«ðØÒ©Òµ,0.0,0.0,0.0,0.0,62.4,None,None,0.0,0,0.0,7750080000.0,4372056000.0
2008-01-02,'002038,Ë«ðØÒ©Òµ,62.4,63.6,60.5,60.5,60.5,1.9,3.1405,1.2531,878002,54546296.39,7750080000.0,4372056000.0
2007-12-28,'002038,Ë«ðØÒ©Òµ,60.5,63.49,59.18,60.8,61.0,-0.5,-0.8197,1.5622,1094525,66967263.45,7514100000.0,4238932500.0
2007-12-27,'002038,Ë«ðØÒ©Òµ,61.0,64.7,59.52,62.9,62.8,-1.8,-2.8662,1.8227,1277048,79077446.26,7576200000.0,4273965000.0
2007-12-26,'002038,Ë«ðØÒ©Òµ,62.8,63.1,58.86,59.69,58.86,3.94,6.6938,1.4676,1028281,62748130.03,7799760000.0,4400082000.0
2007-12-25,'002038,Ë«ðØÒ©Òµ,58.86,59.98,57.02,58.65,58.6,0.26,0.4437,0.7093,496990,29121518.24,7310412000.0,4124025900.0
2007-12-24,'002038,Ë«ðØÒ©Òµ,58.6,59.66,56.1,56.1,56.2,2.4,4.2705,1.2816,897923,52834420.22,7278120000.0,4105809000.0
2007-12-21,'002038,Ë«ðØÒ©Òµ,56.2,57.43,55.28,56.2,56.2,0.0,0.0,0.8354,585353,32903989.15,6980040000.0,3937653000.0
2007-12-20,'002038,Ë«ðØÒ©Òµ,56.2,58.2,53.8,54.68,53.7,2.5,4.6555,1.214,850572,47863737.33,6980040000.0,3937653000.0
2007-12-19,'002038,Ë«ðØÒ©Òµ,53.7,55.1,50.3,50.3,50.29,3.41,6.7807,2.0026,1403122,74540766.8,6669540000.0,3762490500.0
2007-12-18,'002038,Ë«ðØÒ©Òµ,50.29,50.9,49.4,50.9,51.0,-0.71,-1.3922,0.9142,640567,32129807.6,6246018000.0,3523568850.0
2007-12-17,'002038,Ë«ðØÒ©Òµ,51.0,51.94,49.0,49.7,49.6,1.4,2.8226,5.0393,3530752,179631078.04,6334200000.0,3573315000.0
2007-12-14,'002038,Ë«ðØÒ©Òµ,49.6,49.6,47.28,48.8,49.0,0.6,1.2245,0.949,664893,32193919.21,6160320000.0,3475224000.0
2007-12-13,'002038,Ë«ðØÒ©Òµ,49.0,50.25,48.88,49.8,49.4,-0.4,-0.8097,1.7819,1248508,62142197.75,6085800000.0,3433185000.0
2007-12-12,'002038,Ë«ðØÒ©Òµ,49.4,50.5,48.3,49.31,49.31,0.09,0.1825,0.9907,694140,34157954.01,6135480000.0,3461211000.0
2007-12-11,'002038,Ë«ðØÒ©Òµ,49.31,50.1,47.2,48.0,47.85,1.46,3.0512,2.4329,1704588,83980998.92,6124302000.0,3454905150.0
2007-12-10,'002038,Ë«ðØÒ©Òµ,47.85,48.05,43.0,43.2,43.88,3.97,9.0474,2.7178,1904227,88203517.81,5942970000.0,3352610250.0
2007-12-07,'002038,Ë«ðØÒ©Òµ,43.88,43.9,42.81,43.8,43.89,-0.01,-0.0228,0.9966,698245,30149811.36,5449896000.0,3074452200.0
2007-12-06,'002038,Ë«ðØÒ©Òµ,43.89,44.5,43.41,44.47,44.38,-0.49,-1.1041,0.5903,413603,18225695.52,5451138000.0,3075152850.0
2007-12-05,'002038,Ë«ðØÒ©Òµ,44.38,44.39,42.77,42.9,43.6,0.78,1.789,0.9471,663598,28961804.17,5511996000.0,3109484700.0
2007-12-04,'002038,Ë«ðØÒ©Òµ,43.6,45.1,43.1,43.67,43.67,-0.07,-0.1603,1.2767,894541,39447751.13,5415120000.0,3054834000.0
2007-12-03,'002038,Ë«ðØÒ©Òµ,43.67,43.78,42.01,42.8,42.2,1.47,3.4834,1.761,1233863,53325130.6,5423814000.0,3059738550.0
2007-11-30,'002038,Ë«ðØÒ©Òµ,42.2,43.19,41.68,42.78,42.78,-0.58,-1.3558,1.1424,800388,33716456.98,5241240000.0,2956743000.0
2007-11-29,'002038,Ë«ðØÒ©Òµ,42.78,42.85,41.2,41.7,41.0,1.78,4.3415,1.7687,1239267,52573743.71,5313276000.0,2997380700.0
2007-11-28,'002038,Ë«ðØÒ©Òµ,41.0,42.99,40.88,42.4,41.99,-0.99,-2.3577,0.6247,437711,18202891.29,5092200000.0,2872665000.0
2007-11-27,'002038,Ë«ðØÒ©Òµ,41.99,42.16,40.58,40.58,41.15,0.84,2.0413,1.2116,848887,35490611.93,5215158000.0,2942029350.0
2007-11-26,'002038,Ë«ðØÒ©Òµ,41.15,43.3,41.06,41.8,41.05,0.1,0.2436,2.4492,1716056,73103640.0,5110830000.0,2883174750.0
2007-11-23,'002038,Ë«ðØÒ©Òµ,41.05,41.29,38.31,38.59,38.82,2.23,5.7445,0.9958,697731,27821930.98,5098410000.0,2876168250.0
2007-11-22,'002038,Ë«ðØÒ©Òµ,38.82,39.6,38.11,38.11,39.1,-0.28,-0.7161,0.7052,494088,19276055.65,4821444000.0,2719923300.0
2007-11-21,'002038,Ë«ðØÒ©Òµ,39.1,39.7,38.6,38.98,39.0,0.1,0.2564,0.3394,237803,9283476.94,4856220000.0,2739541500.0
2007-11-20,'002038,Ë«ðØÒ©Òµ,39.0,39.5,37.91,38.11,38.18,0.82,2.1477,0.5914,414373,16121015.79,4843800000.0,2732535000.0
2007-11-19,'002038,Ë«ðØÒ©Òµ,38.18,38.9,37.0,37.6,37.6,0.58,1.5426,0.663,464503,17543077.9,4741956000.0,2675081700.0
2007-11-16,'002038,Ë«ðØÒ©Òµ,37.6,38.43,37.0,38.01,38.51,-0.91,-2.363,0.7052,494088,18494050.56,4669920000.0,2634444000.0
2007-11-15,'002038,Ë«ðØÒ©Òµ,38.51,39.2,37.99,39.2,39.4,-0.89,-2.2589,1.0608,743261,28574362.94,4782942000.0,2698203150.0
2007-11-14,'002038,Ë«ðØÒ©Òµ,39.4,39.9,38.3,38.3,38.28,1.12,2.9258,0.4994,349926,13562832.95,4893480000.0,2760561000.0
2007-11-13,'002038,Ë«ðØÒ©Òµ,38.28,38.99,38.1,38.87,38.44,-0.16,-0.4162,0.4329,303280,11674096.99,4754376000.0,2682088200.0
2007-11-12,'002038,Ë«ðØÒ©Òµ,38.44,40.0,37.17,40.0,40.0,-1.56,-3.9,0.801,561254,21446986.66,4774248000.0,2693298600.0
2007-11-09,'002038,Ë«ðØÒ©Òµ,40.0,40.1,38.8,40.03,40.0,0.0,0.0,0.7914,483473,19150657.61,4968000000.0,2443662000.0
2007-11-08,'002038,Ë«ðØÒ©Òµ,40.0,42.13,39.61,42.13,41.8,-1.8,-4.3062,0.8904,543933,22452144.52,4968000000.0,2443662000.0
2007-11-07,'002038,Ë«ðØÒ©Òµ,41.8,42.3,40.8,42.3,41.6,0.2,0.4808,0.8681,530307,22081251.44,5191560000.0,2553626790.0
2007-11-06,'002038,Ë«ðØÒ©Òµ,41.6,42.22,39.45,39.45,39.5,2.1,5.3165,1.9004,1160992,48314063.91,5166720000.0,2541408480.0
2007-11-05,'002038,Ë«ðØÒ©Òµ,39.5,39.89,38.45,38.45,39.41,0.09,0.2284,0.5715,349155,13646935.78,4905900000.0,2413116225.0
2007-11-02,'002038,Ë«ðØÒ©Òµ,39.41,40.15,38.2,40.15,40.3,-0.89,-2.2084,1.146,700125,27259312.32,4894722000.0,2407617985.5
2007-11-01,'002038,Ë«ðØÒ©Òµ,40.3,42.0,40.07,41.14,40.28,0.02,0.0497,0.7447,454966,18763414.73,5005260000.0,2461989465.0
2007-10-31,'002038,Ë«ðØÒ©Òµ,0.0,0.0,0.0,0.0,40.28,None,None,0.0,0,0.0,5002776000.0,2460767634.0
2007-10-30,'002038,Ë«ðØÒ©Òµ,40.28,40.6,39.01,39.3,39.5,0.78,1.9747,1.1735,716919,28700475.28,5002776000.0,2460767634.0
2007-10-29,'002038,Ë«ðØÒ©Òµ,39.5,40.99,38.5,39.35,39.4,0.1,0.2538,1.0918,667006,26161493.28,4905900000.0,2413116225.0
2007-10-26,'002038,Ë«ðØÒ©Òµ,39.4,40.0,38.0,39.88,40.39,-0.99,-2.4511,1.3281,811361,31801916.41,4893480000.0,2407007070.0
2007-10-25,'002038,Ë«ðØÒ©Òµ,40.39,41.5,38.88,40.59,41.48,-1.09,-2.6278,2.4849,1518037,60678895.29,5016438000.0,2467487704.5
2007-10-24,'002038,Ë«ðØÒ©Òµ,41.48,43.72,40.8,43.1,42.95,-1.47,-3.4226,3.0868,1885770,79962675.5,5151816000.0,2534077494.0
2007-10-23,'002038,Ë«ðØÒ©Òµ,42.95,43.5,41.7,42.12,42.08,0.87,2.0675,2.4671,1507197,64395528.16,5334390000.0,2623882072.5
2007-10-22,'002038,Ë«ðØÒ©Òµ,42.08,42.98,41.11,41.73,41.7,0.38,0.9113,1.9294,1178699,49868671.04,5226336000.0,2570732424.0
2007-10-19,'002038,Ë«ðØÒ©Òµ,41.7,43.0,39.51,40.0,40.1,1.6,3.99,2.3911,1460774,60708109.32,5179140000.0,2547517635.0
2007-10-18,'002038,Ë«ðØÒ©Òµ,40.1,40.98,39.18,40.5,40.45,-0.35,-0.8653,1.4859,907749,36593550.12,4980420000.0,2449771155.0
2007-10-17,'002038,Ë«ðØÒ©Òµ,40.45,41.26,39.01,39.05,38.94,1.51,3.8778,2.5155,1536728,61974587.6,5023890000.0,2471153197.5
2007-10-16,'002038,Ë«ðØÒ©Òµ,38.94,39.41,37.88,38.7,38.2,0.74,1.9372,1.5396,940549,36210982.64,4836348000.0,2378904957.0
2007-10-15,'002038,Ë«ðØÒ©Òµ,38.2,39.5,37.65,38.41,38.75,-0.55,-1.4194,1.7404,1063219,40516101.85,4744440000.0,2333697210.0
2007-10-12,'002038,Ë«ðØÒ©Òµ,38.75,39.8,37.9,39.79,39.6,-0.85,-2.1465,2.5928,1583996,60863451.44,4812750000.0,2367297562.5
2007-10-11,'002038,Ë«ðØÒ©Òµ,39.6,39.98,39.3,39.4,39.3,0.3,0.7634,1.8813,1149301,45546255.61,4918320000.0,2419225380.0
2007-10-10,'002038,Ë«ðØÒ©Òµ,39.3,40.2,37.51,37.7,37.86,1.44,3.8035,2.8964,1769433,69529414.81,4881060000.0,2400897915.0
2007-10-09,'002038,Ë«ðØÒ©Òµ,37.86,38.35,36.5,37.69,37.85,0.01,0.0264,0.9407,574717,21560898.39,4702212000.0,2312926083.0
2007-10-08,'002038,Ë«ðØÒ©Òµ,37.85,38.76,37.75,37.81,37.73,0.12,0.318,1.4449,882686,33625805.58,4700970000.0,2312315167.5
2007-09-28,'002038,Ë«ðØÒ©Òµ,37.73,38.1,37.45,37.95,37.93,-0.2,-0.5273,1.5134,924583,34845364.07,4686066000.0,2304984181.5
2007-09-27,'002038,Ë«ðØÒ©Òµ,37.93,38.1,37.05,37.05,37.3,0.63,1.689,0.9738,594937,22426787.21,4710906000.0,2317202491.5
2007-09-26,'002038,Ë«ðØÒ©Òµ,37.3,37.66,36.5,36.95,37.08,0.22,0.5933,0.9363,571978,21353414.65,4632660000.0,2278714815.0
2007-09-25,'002038,Ë«ðØÒ©Òµ,37.08,37.36,35.6,36.5,36.05,1.03,2.8571,1.881,1149144,41832254.54,4605336000.0,2265274674.0
2007-09-24,'002038,Ë«ðØÒ©Òµ,36.05,37.0,35.93,36.82,37.0,-0.95,-2.5676,1.3362,816311,29488249.76,4477410000.0,2202350377.5
2007-09-21,'002038,Ë«ðØÒ©Òµ,37.0,38.64,36.03,38.64,38.5,-1.5,-3.8961,2.6248,1603510,59097974.77,4595400000.0,2260387350.0
2007-09-20,'002038,Ë«ðØÒ©Òµ,38.5,38.88,38.05,38.39,38.1,0.4,1.0499,1.5142,925055,35423124.76,4781700000.0,2352024675.0
2007-09-19,'002038,Ë«ðØÒ©Òµ,38.1,40.08,38.1,40.0,39.41,-1.31,-3.324,1.5319,935877,36241407.09,4732020000.0,2327588055.0
2007-09-18,'002038,Ë«ðØÒ©Òµ,39.41,40.95,39.21,40.7,40.63,-1.22,-3.0027,1.1167,682218,27077145.94,4894722000.0,2407617985.5
2007-09-17,'002038,Ë«ðØÒ©Òµ,40.63,40.8,39.6,39.8,39.8,0.83,2.0854,1.4897,910099,36646530.1,5046246000.0,2482149676.5
2007-09-14,'002038,Ë«ðØÒ©Òµ,39.8,39.93,39.0,39.0,39.51,0.29,0.734,2.0407,1246720,49009852.79,4943160000.0,2431443690.0
2007-09-13,'002038,Ë«ðØÒ©Òµ,39.51,40.2,38.45,38.48,38.68,0.83,2.1458,1.4587,891122,35181053.59,4907142000.0,2413727140.5
2007-09-12,'002038,Ë«ðØÒ©Òµ,38.68,39.8,38.1,38.2,38.45,0.23,0.5982,2.0529,1254152,48819829.31,4804056000.0,2363021154.0
2007-09-11,'002038,Ë«ðØÒ©Òµ,38.45,40.4,38.38,40.0,40.0,-1.55,-3.875,2.1545,1316239,51827435.48,4775490000.0,2348970097.5
2007-09-10,'002038,Ë«ðØÒ©Òµ,40.0,41.08,39.41,40.25,40.38,-0.38,-0.9411,1.9848,1212537,48239636.53,4968000000.0,2443662000.0
2007-09-07,'002038,Ë«ðØÒ©Òµ,40.38,41.57,40.17,41.57,41.55,-1.17,-2.8159,3.1574,1928933,78285169.82,5015196000.0,2466876789.0
2007-09-06,'002038,Ë«ðØÒ©Òµ,41.55,42.45,41.42,42.18,42.2,-0.65,-1.5403,1.8341,1120464,46655836.73,5160510000.0,2538353902.5
2007-09-05,'002038,Ë«ðØÒ©Òµ,42.2,42.5,41.36,42.5,42.13,0.07,0.1662,1.6939,1034848,43343011.84,5241240000.0,2578063410.0
2007-09-04,'002038,Ë«ðØÒ©Òµ,42.13,42.68,41.05,41.3,41.35,0.78,1.8863,2.0721,1265853,53204137.1,5232546000.0,2573787001.5
2007-09-03,'002038,Ë«ðØÒ©Òµ,41.35,41.97,40.5,41.5,41.07,0.28,0.6818,2.2287,1361562,55704283.93,5135670000.0,2526135592.5
2007-08-31,'002038,Ë«ðØÒ©Òµ,41.07,42.0,40.9,41.48,40.98,0.09,0.2196,1.5965,975302,40283019.09,5100894000.0,2509029958.5
2007-08-30,'002038,Ë«ðØÒ©Òµ,40.98,41.34,40.0,40.8,39.98,1.0,2.5013,1.8923,1156012,47068478.98,5089716000.0,2503531719.0
2007-08-29,'002038,Ë«ðØÒ©Òµ,39.98,41.24,39.86,40.71,40.76,-0.78,-1.9136,2.2471,1372770,55371532.99,4965516000.0,2442440169.0
2007-08-28,'002038,Ë«ðØÒ©Òµ,40.76,42.48,40.5,41.75,41.89,-1.13,-2.6975,2.3715,1448781,59504162.42,5062392000.0,2490091578.0
2007-08-27,'002038,Ë«ðØÒ©Òµ,41.89,44.0,41.75,43.63,43.3,-1.41,-3.2564,2.2653,1383904,58813823.58,5202738000.0,2559125029.5
2007-08-24,'002038,Ë«ðØÒ©Òµ,43.3,43.58,42.1,42.63,42.65,0.65,1.524,2.0841,1273209,54420516.94,5377860000.0,2645264115.0
2007-08-23,'002038,Ë«ðØÒ©Òµ,42.65,44.0,42.4,43.5,43.5,-0.85,-1.954,3.6032,2201266,93977532.22,5297130000.0,2605554607.5
2007-08-22,'002038,Ë«ðØÒ©Òµ,43.5,44.2,43.01,43.4,44.18,-0.68,-1.5392,2.2467,1372529,60088946.36,5402700000.0,2657482425.0
2007-08-21,'002038,Ë«ðØÒ©Òµ,44.18,44.35,42.46,42.5,42.35,1.83,4.3211,2.6822,1638593,71684446.6,5487156000.0,2699024679.0
2007-08-20,'002038,Ë«ðØÒ©Òµ,42.35,42.95,41.5,41.5,41.18,1.17,2.8412,2.388,1458891,61879190.96,5259870000.0,2587227142.5
2007-08-17,'002038,Ë«ðØÒ©Òµ,41.18,42.9,41.01,41.96,41.97,-0.79,-1.8823,1.151,703177,29406153.35,5114556000.0,2515750029.0
2007-08-16,'002038,Ë«ðØÒ©Òµ,41.97,42.7,41.35,42.19,41.89,0.08,0.191,1.5113,923304,38687405.59,5212674000.0,2564012353.5
2007-08-15,'002038,Ë«ðØÒ©Òµ,41.89,42.72,41.0,42.22,42.19,-0.3,-0.7111,1.2412,758286,31637621.77,5202738000.0,2559125029.5
2007-08-14,'002038,Ë«ðØÒ©Òµ,42.19,42.88,41.3,41.3,41.28,0.91,2.2045,1.1807,721322,30476104.64,5239998000.0,2577452494.5
2007-08-13,'002038,Ë«ðØÒ©Òµ,41.28,42.8,41.0,42.41,42.38,-1.1,-2.5956,1.9514,1192137,49664913.23,5126976000.0,2521859184.0
2007-08-10,'002038,Ë«ðØÒ©Òµ,42.38,44.2,41.7,43.8,43.8,-1.42,-3.242,1.6465,1005851,42861366.44,5263596000.0,2589059889.0
2007-08-09,'002038,Ë«ðØÒ©Òµ,43.8,44.95,43.0,44.2,44.28,-0.48,-1.084,1.627,993937,43584983.65,5439960000.0,2675809890.0
2007-08-08,'002038,Ë«ðØÒ©Òµ,44.28,46.19,43.5,45.2,46.21,-1.93,-4.1766,3.033,1852931,82536576.97,5499576000.0,2705133834.0
2007-08-07,'002038,Ë«ðØÒ©Òµ,46.21,48.08,44.6,45.13,44.4,1.81,4.0766,4.9975,3053044,142691459.4,5739282000.0,2823040525.5
2007-08-06,'002038,Ë«ðØÒ©Òµ,44.4,44.99,43.1,43.29,42.5,1.9,4.4706,6.293,3844468,168862876.64,5514480000.0,2712464820.0
2007-08-03,'002038,Ë«ðØÒ©Òµ,42.5,43.86,42.22,42.5,41.99,0.51,1.2146,5.2096,3182601,136647717.62,5278500000.0,2596390875.0
2007-08-02,'002038,Ë«ðØÒ©Òµ,41.99,42.0,40.18,41.51,41.05,0.94,2.2899,2.7628,1687866,69423828.87,5215158000.0,2565234184.5
2007-08-01,'002038,Ë«ðØÒ©Òµ,41.05,43.48,40.85,42.7,42.7,-1.65,-3.8642,2.4032,1468178,61499983.04,5098410000.0,2507808127.5
2007-07-31,'002038,Ë«ðØÒ©Òµ,42.7,43.2,41.51,43.2,43.36,-0.66,-1.5221,2.5078,1532041,64811711.81,5303340000.0,2608609185.0
2007-07-30,'002038,Ë«ðØÒ©Òµ,43.36,43.89,42.89,43.85,43.0,0.36,0.8372,3.0326,1852669,79955677.21,5385312000.0,2648929608.0
2007-07-27,'002038,Ë«ðØÒ©Òµ,43.0,43.65,41.52,41.52,41.48,1.52,3.6644,3.0146,1841659,79101091.6,5340600000.0,2626936650.0
2007-07-26,'002038,Ë«ðØÒ©Òµ,41.48,42.05,40.91,41.45,41.3,0.18,0.4358,2.2737,1389044,57629845.26,5151816000.0,2534077494.0
2007-07-25,'002038,Ë«ðØÒ©Òµ,41.3,41.41,40.3,40.3,40.4,0.9,2.2277,1.9181,1171779,47875523.25,5129460000.0,2523081015.0
2007-07-24,'002038,Ë«ðØÒ©Òµ,40.4,42.49,40.4,41.5,41.39,-0.99,-2.3919,1.85,1130200,47008656.94,5017680000.0,2468098620.0
2007-07-23,'002038,Ë«ðØÒ©Òµ,41.39,42.36,39.71,39.71,39.41,1.98,5.0241,1.8465,1128085,46568516.96,5140638000.0,2528579254.5
2007-07-20,'002038,Ë«ðØÒ©Òµ,39.41,39.7,38.52,38.71,38.7,0.71,1.8346,1.227,749603,29389166.34,4894722000.0,2407617985.5
2007-07-19,'002038,Ë«ðØÒ©Òµ,38.7,39.9,38.4,38.88,38.6,0.1,0.2591,1.5313,935519,36554411.48,4806540000.0,2364242985.0
2007-07-18,'002038,Ë«ðØÒ©Òµ,38.6,38.88,38.11,38.88,38.61,-0.01,-0.0259,1.297,792334,30442272.9,4794120000.0,2358133830.0
2007-07-17,'002038,Ë«ðØÒ©Òµ,38.61,39.48,37.8,38.8,38.85,-0.24,-0.6178,1.7109,1045215,40118737.49,4795362000.0,2358744745.5
2007-07-16,'002038,Ë«ðØÒ©Òµ,38.85,40.99,38.7,40.5,40.5,-1.65,-4.0741,0.5971,364790,14452203.93,4825170000.0,2373406717.5
2007-07-13,'002038,Ë«ðØÒ©Òµ,40.5,41.0,40.0,40.46,40.46,0.04,0.0989,0.2634,160900,6506187.58,5030100000.0,2474207775.0
2007-07-12,'002038,Ë«ðØÒ©Òµ,40.46,42.0,40.23,41.0,40.71,-0.25,-0.6141,0.5733,350211,14444705.93,5025132000.0,2471764113.0
2007-07-11,'002038,Ë«ðØÒ©Òµ,40.71,40.95,38.67,38.67,39.4,1.31,3.3249,0.5267,321774,12836594.41,5056182000.0,2487037000.5
2007-07-10,'002038,Ë«ðØÒ©Òµ,39.4,40.5,38.8,40.49,40.5,-1.1,-2.716,0.708,432534,17126876.54,4893480000.0,2407007070.0
2007-07-09,'002038,Ë«ðØÒ©Òµ,40.5,42.0,39.92,40.65,40.0,0.5,1.25,1.4492,885334,36211526.75,5030100000.0,2474207775.0
2007-07-06,'002038,Ë«ðØÒ©Òµ,40.0,40.0,37.4,38.59,37.0,3.0,8.1081,1.4073,859745,33201696.79,4968000000.0,2443662000.0
2007-07-05,'002038,Ë«ðØÒ©Òµ,37.0,38.9,35.7,36.55,36.54,0.46,1.2589,1.3507,825147,30811354.46,4595400000.0,2260387350.0
2007-07-04,'002038,Ë«ðØÒ©Òµ,36.54,38.0,36.44,37.09,37.0,-0.46,-1.2432,0.729,445340,16652976.35,4538268000.0,2232285237.0
2007-07-03,'002038,Ë«ðØÒ©Òµ,37.0,37.35,35.33,36.8,36.39,0.61,1.6763,2.6332,1608646,57654893.22,4595400000.0,2260387350.0
2007-07-02,'002038,Ë«ðØÒ©Òµ,36.39,38.01,35.0,37.8,37.5,-1.11,-2.96,0.8396,512932,18683398.8,4519638000.0,2223121504.5
2007-06-29,'002038,Ë«ðØÒ©Òµ,37.5,39.08,36.53,38.5,39.1,-1.6,-4.0921,1.1742,717345,27238977.67,4657500000.0,2290933125.0
2007-06-28,'002038,Ë«ðØÒ©Òµ,39.1,39.74,38.75,39.68,39.75,-0.65,-1.6352,2.8156,1720117,67275823.11,4856220000.0,2388679605.0
2007-06-27,'002038,Ë«ðØÒ©Òµ,39.75,39.98,38.68,39.01,39.0,0.75,1.9231,1.8537,1132453,44515526.34,4936950000.0,2428389112.5
2007-06-26,'002038,Ë«ðØÒ©Òµ,39.0,39.47,37.03,37.63,37.6,1.4,3.7234,1.2425,759072,28820187.14,4843800000.0,2382570450.0
2007-06-25,'002038,Ë«ðØÒ©Òµ,37.6,39.99,37.22,39.99,39.02,-1.42,-3.6392,1.0251,626240,24307249.45,4669920000.0,2297042280.0
2007-06-22,'002038,Ë«ðØÒ©Òµ,39.02,41.79,38.12,41.1,41.0,-1.98,-4.8293,1.479,903528,36027521.29,4846284000.0,2383792281.0
2007-06-21,'002038,Ë«ðØÒ©Òµ,41.0,42.65,40.38,41.95,42.3,-1.3,-3.0733,1.7297,1056685,43909485.16,5092200000.0,2504753550.0
2007-06-20,'002038,Ë«ðØÒ©Òµ,42.3,44.98,42.1,44.98,44.2,-1.9,-4.2986,2.3087,1410420,61107191.73,5253660000.0,2584172565.0
2007-06-19,'002038,Ë«ðØÒ©Òµ,44.2,44.5,41.94,43.8,43.48,0.72,1.6559,1.513,924318,40018574.33,5489640000.0,2700246510.0
2007-06-18,'002038,Ë«ðØÒ©Òµ,43.48,43.88,41.85,41.85,41.81,1.67,3.9943,1.9821,1210890,52178192.38,5400216000.0,2656260594.0
2007-06-15,'002038,Ë«ðØÒ©Òµ,41.81,42.6,41.2,42.0,42.6,-0.79,-1.8545,1.158,707422,29722855.03,5192802000.0,2554237705.5
2007-06-14,'002038,Ë«ðØÒ©Òµ,42.6,43.49,40.02,42.0,42.29,0.31,0.733,1.9061,1164490,49311780.48,5290920000.0,2602500030.0
2007-06-13,'002038,Ë«ðØÒ©Òµ,42.29,44.0,41.9,43.6,43.34,-1.05,-2.4227,3.4907,2132520,90896478.0,5252418000.0,2583561649.5
2007-06-12,'002038,Ë«ðØÒ©Òµ,43.34,43.4,39.8,41.5,41.4,1.94,4.686,3.3434,2042535,84414504.49,5382828000.0,2647707777.0
2007-06-11,'002038,Ë«ðØÒ©Òµ,41.4,43.96,40.8,41.3,41.3,0.1,0.2421,2.7644,1688818,71397862.49,5141880000.0,2529190170.0
2007-06-08,'002038,Ë«ðØÒ©Òµ,41.3,42.33,40.6,41.81,41.75,-0.45,-1.0778,2.5377,1550292,63674298.65,5129460000.0,2523081015.0
2007-06-07,'002038,Ë«ðØÒ©Òµ,41.75,42.1,39.0,39.01,38.8,2.95,7.6031,3.3022,2017381,83233796.67,5185350000.0,2550572212.5
2007-06-06,'002038,Ë«ðØÒ©Òµ,38.8,38.99,35.58,35.58,35.52,3.28,9.2342,2.2084,1349169,50885063.05,4818960000.0,2370352140.0
2007-06-05,'002038,Ë«ðØÒ©Òµ,35.52,35.52,32.25,32.25,33.2,2.32,6.988,3.6344,2220310,76167415.04,4411584000.0,2169971856.0
2007-06-04,'002038,Ë«ðØÒ©Òµ,33.2,37.25,33.06,36.3,36.15,-2.95,-8.1604,2.4211,1479067,51289611.07,4123440000.0,2028239460.0
2007-06-01,'002038,Ë«ðØÒ©Òµ,36.15,39.1,36.1,38.0,38.0,-1.85,-4.8684,1.8686,1141577,43243135.85,4489830000.0,2208459532.5
2007-05-31,'002038,Ë«ðØÒ©Òµ,38.0,38.87,35.22,36.71,37.53,0.47,1.2523,4.4485,2717685,99983533.25,4719600000.0,2321478900.0
2007-05-30,'002038,Ë«ðØÒ©Òµ,37.53,41.3,37.53,37.64,41.7,-4.17,-10.0,3.224,1969562,75596571.09,4661226000.0,2292765871.5
2007-05-29,'002038,Ë«ðØÒ©Òµ,41.7,42.5,40.11,41.55,40.98,0.72,1.757,2.4177,1477004,60427092.91,5179140000.0,2547517635.0
2007-05-28,'002038,Ë«ðØÒ©Òµ,40.98,40.98,37.41,37.41,37.25,3.73,10.0134,4.4657,2728189,109850572.47,5089716000.0,2503531719.0
2007-05-25,'002038,Ë«ðØÒ©Òµ,37.25,37.3,34.4,34.74,34.85,2.4,6.8867,3.7389,2284164,82735235.3,4626450000.0,2275660237.5
2007-05-24,'002038,Ë«ðØÒ©Òµ,34.85,36.65,34.0,35.7,35.75,-0.9,-2.5175,1.9645,1200132,42111523.01,4328370000.0,2129040517.5
2007-05-23,'002038,Ë«ðØÒ©Òµ,35.75,37.88,35.11,35.25,35.1,0.65,1.8519,4.4297,2706144,98922290.47,4440150000.0,2184022912.5
2007-05-22,'002038,Ë«ðØÒ©Òµ,35.1,35.5,32.07,32.52,32.32,2.78,8.6015,5.2158,3186439,108418203.1,4359420000.0,2144313405.0
2007-05-21,'002038,Ë«ðØÒ©Òµ,32.32,32.48,30.68,31.0,31.83,0.49,1.5394,2.249,1373945,43918635.68,4014144000.0,1974478896.0
2007-05-18,'002038,Ë«ðØÒ©Òµ,31.83,32.5,31.7,32.0,31.6,0.23,0.7278,2.0078,1226590,39324250.08,3953286000.0,1944544036.5
2007-05-17,'002038,Ë«ðØÒ©Òµ,31.6,31.88,30.81,31.08,30.96,0.64,2.0672,1.6323,997213,31311404.04,3924720000.0,1930492980.0
2007-05-16,'002038,Ë«ðØÒ©Òµ,30.96,31.2,29.9,30.21,30.59,0.37,1.2095,1.3375,817097,25136312.74,3845232000.0,1891394388.0
2007-05-15,'002038,Ë«ðØÒ©Òµ,30.59,32.7,30.2,31.61,31.71,-1.12,-3.532,2.7526,1681584,53086117.34,3799278000.0,1868790514.5
2007-05-14,'002038,Ë«ðØÒ©Òµ,31.71,32.78,29.03,29.5,29.8,1.91,6.4094,5.4149,3308024,104414948.56,3938382000.0,1937213050.5
2007-05-11,'002038,Ë«ðØÒ©Òµ,29.8,30.84,29.17,30.84,30.88,-1.08,-3.4974,3.7005,2260669,66960275.3,3701160000.0,1820528190.0
2007-05-10,'002038,Ë«ðØÒ©Òµ,30.88,32.1,30.6,31.88,32.1,-1.22,-3.8006,2.7818,1699430,52463963.0,3835296000.0,1886507064.0
2007-05-09,'002038,Ë«ðØÒ©Òµ,32.1,32.9,30.35,32.59,32.95,-0.85,-2.5797,2.6554,1622228,50898727.3,3986820000.0,1961038755.0
2007-05-08,'002038,Ë«ðØÒ©Òµ,32.95,32.98,31.2,32.15,31.88,1.07,3.3563,2.2958,1402568,45184128.54,4092390000.0,2012966572.5
2007-04-30,'002038,Ë«ðØÒ©Òµ,31.88,32.4,31.4,31.99,32.41,-0.53,-1.6353,1.6558,1011556,32128788.2,3959496000.0,1947598614.0
2007-04-27,'002038,Ë«ðØÒ©Òµ,32.41,34.09,32.05,33.5,33.58,-1.17,-3.4842,1.6802,1026436,33774340.39,4025322000.0,1979977135.5
2007-04-26,'002038,Ë«ðØÒ©Òµ,33.58,35.05,32.0,33.47,33.45,0.13,0.3886,3.6855,2251531,75918243.94,4170636000.0,2051454249.0
2007-04-25,'002038,Ë«ðØÒ©Òµ,33.45,33.5,30.22,30.75,30.99,2.46,7.938,5.7931,3539076,113679373.84,4154490000.0,2043512347.5
2007-04-24,'002038,Ë«ðØÒ©Òµ,30.99,32.3,30.2,32.3,32.29,-1.3,-4.026,8.242,5035164,155205502.2,3848958000.0,1893227134.5
2007-04-23,'002038,Ë«ðØÒ©Òµ,32.29,33.6,31.45,33.4,33.49,-1.2,-3.5832,5.0754,3100628,99575421.87,4010418000.0,1972646149.5
2007-04-20,'002038,Ë«ðØÒ©Òµ,33.49,34.99,33.0,33.02,33.5,-0.01,-0.0299,3.2584,1990599,66999792.17,4159458000.0,2045956009.5
2007-04-19,'002038,Ë«ðØÒ©Òµ,33.5,35.28,32.8,33.36,33.36,0.14,0.4197,3.2694,1997345,68092278.34,4160700000.0,2046566925.0
2007-04-18,'002038,Ë«ðØÒ©Òµ,33.36,34.95,32.8,33.3,35.03,-1.67,-4.7673,3.099,1893251,63121793.68,4143312000.0,2038014108.0
2007-04-17,'002038,Ë«ðØÒ©Òµ,52.7,53.9,49.45,50.0,49.45,3.25,6.5723,3.2044,1330085,67920299.27,4363560000.0,2187471600.0
2007-04-16,'002038,Ë«ðØÒ©Òµ,49.45,49.6,46.8,47.95,46.95,2.5,5.3248,2.3779,987030,47716893.72,4094460000.0,2052570600.0
2007-04-13,'002038,Ë«ðØÒ©Òµ,46.95,49.9,46.72,49.05,49.1,-2.15,-4.3788,3.0633,1271503,61003918.77,3887460000.0,1948800600.0
2007-04-12,'002038,Ë«ðØÒ©Òµ,49.1,49.13,45.0,45.23,44.66,4.44,9.9418,3.9323,1632231,78480223.83,4065480000.0,2038042800.0
2007-04-11,'002038,Ë«ðØÒ©Òµ,44.66,44.66,41.5,41.99,40.6,4.06,10.0,2.9999,1245208,53116297.47,3697848000.0,1853747280.0
2007-04-10,'002038,Ë«ðØÒ©Òµ,40.6,40.65,38.0,38.08,38.0,2.6,6.8421,2.4797,1029270,40919657.57,3361680000.0,1685224800.0
2007-04-09,'002038,Ë«ðØÒ©Òµ,38.0,39.2,37.8,38.34,38.33,-0.33,-0.8609,1.7931,744291,28426893.0,3146400000.0,1577304000.0
2007-04-06,'002038,Ë«ðØÒ©Òµ,0.0,0.0,0.0,0.0,38.33,None,None,0.0,0,0.0,3173724000.0,1591001640.0
2007-04-05,'002038,Ë«ðØÒ©Òµ,38.33,38.7,37.7,38.6,38.7,-0.37,-0.9561,0.739,306741,11737739.54,3173724000.0,1591001640.0
2007-04-04,'002038,Ë«ðØÒ©Òµ,38.7,39.1,37.62,38.15,37.18,1.52,4.0882,3.498,1451952,55693238.22,3204360000.0,1606359600.0
2007-04-03,'002038,Ë«ðØÒ©Òµ,37.18,37.18,33.5,33.86,33.8,3.38,10.0,2.9878,1240182,44743415.77,3078504000.0,1543267440.0
2007-04-02,'002038,Ë«ðØÒ©Òµ,33.8,33.89,31.61,31.99,31.99,1.81,5.658,1.9895,825784,27209571.99,2798640000.0,1402970400.0
2007-03-30,'002038,Ë«ðØÒ©Òµ,31.99,31.99,30.31,31.4,31.35,0.64,2.0415,2.4174,1003406,31082469.35,2648772000.0,1327840920.0
2007-03-29,'002038,Ë«ðØÒ©Òµ,31.35,33.9,31.0,33.4,33.3,-1.95,-5.8559,3.091,1283030,41043638.94,2595780000.0,1301275800.0
2007-03-28,'002038,Ë«ðØÒ©Òµ,33.3,36.0,33.2,35.11,34.1,-0.8,-2.346,3.1036,1288242,44127627.81,2757240000.0,1382216400.0
2007-03-27,'002038,Ë«ðØÒ©Òµ,34.1,34.4,32.85,33.1,33.43,0.67,2.0042,2.2043,914967,31047057.8,2823480000.0,1415422800.0
2007-03-26,'002038,Ë«ðØÒ©Òµ,33.43,33.66,31.8,32.43,32.29,1.14,3.5305,2.0453,848978,27916731.21,2768004000.0,1387612440.0
2007-03-23,'002038,Ë«ðØÒ©Òµ,32.29,32.5,30.22,31.0,31.18,1.11,3.56,1.4289,593096,18618115.76,2673612000.0,1340293320.0
2007-03-22,'002038,Ë«ðØÒ©Òµ,31.18,32.55,30.31,32.0,31.8,-0.62,-1.9497,4.5863,1903694,60106381.72,2581704000.0,1294219440.0
2007-03-21,'002038,Ë«ðØÒ©Òµ,31.8,31.98,30.01,30.02,29.74,2.06,6.9267,2.2913,951093,29752669.84,2633040000.0,1319954400.0
2007-03-20,'002038,Ë«ðØÒ©Òµ,29.74,29.88,28.95,29.21,29.3,0.44,1.5017,0.8404,348824,10223302.99,2462472000.0,1234447920.0
2007-03-19,'002038,Ë«ðØÒ©Òµ,29.3,29.48,27.8,28.18,28.92,0.38,1.314,3.0627,1271249,36641975.6,2426040000.0,1216184400.0
2007-03-16,'002038,Ë«ðØÒ©Òµ,28.92,30.3,28.5,30.19,30.18,-1.26,-4.175,1.8161,753838,22426763.77,2394576000.0,1200411360.0
2007-03-15,'002038,Ë«ðØÒ©Òµ,30.18,30.4,28.51,28.51,28.83,1.35,4.6826,3.3511,1390968,41301303.17,2498904000.0,1252711440.0
2007-03-14,'002038,Ë«ðØÒ©Òµ,28.83,30.48,27.91,28.55,28.72,0.11,0.383,1.9671,816495,23623248.37,2387124000.0,1196675640.0
2007-03-13,'002038,Ë«ðØÒ©Òµ,28.72,30.54,28.5,29.5,29.49,-0.77,-2.6111,1.9443,807054,23507121.01,2378016000.0,1192109760.0
2007-03-12,'002038,Ë«ðØÒ©Òµ,29.49,30.97,29.3,30.97,30.97,-1.48,-4.7788,2.4274,1007545,29821895.5,2441772000.0,1224070920.0
2007-03-09,'002038,Ë«ðØÒ©Òµ,30.97,31.76,30.2,30.96,30.97,0.0,0.0,2.1583,895865,27955686.92,2564316000.0,1285502760.0
2007-03-08,'002038,Ë«ðØÒ©Òµ,30.97,31.05,28.5,29.0,29.3,1.67,5.6997,3.0501,1266037,38300511.67,2564316000.0,1285502760.0
2007-03-07,'002038,Ë«ðØÒ©Òµ,29.3,29.48,27.3,27.5,27.6,1.7,6.1594,2.6277,1090700,31245967.06,2426040000.0,1216184400.0
2007-03-06,'002038,Ë«ðØÒ©Òµ,27.6,28.45,26.8,28.41,28.4,-0.8,-2.8169,2.2236,922983,25181188.02,2285280000.0,1145620800.0
2007-03-05,'002038,Ë«ðØÒ©Òµ,28.4,28.45,26.7,26.8,26.99,1.41,5.2242,2.9637,1230178,34175902.19,2351520000.0,1178827200.0
2007-03-02,'002038,Ë«ðØÒ©Òµ,26.99,27.8,26.41,26.65,26.38,0.61,2.3124,2.0721,860087,23270875.43,2234772000.0,1120300920.0
2007-03-01,'002038,Ë«ðØÒ©Òµ,26.38,26.68,23.68,24.4,24.25,2.13,8.7835,3.9708,1648194,42594912.72,2184264000.0,1094981040.0
2007-02-28,'002038,Ë«ðØÒ©Òµ,24.25,24.39,23.55,23.55,23.39,0.86,3.6768,1.1903,494077,11889281.18,2007900000.0,1006569000.0
2007-02-27,'002038,Ë«ðØÒ©Òµ,23.39,26.18,23.39,26.0,25.99,-2.6,-10.0038,2.8753,1193464,29027276.18,1936692000.0,970872120.0
2007-02-26,'002038,Ë«ðØÒ©Òµ,25.99,26.0,24.29,25.01,24.7,1.29,5.2227,1.5466,641968,16085965.88,2151972000.0,1078792920.0
2007-02-16,'002038,Ë«ðØÒ©Òµ,24.7,25.4,24.28,24.28,24.28,0.42,1.7298,0.8111,336666,8387295.7,2045160000.0,1025247600.0
2007-02-15,'002038,Ë«ðØÒ©Òµ,24.28,24.3,23.52,23.52,23.89,0.39,1.6325,0.9905,411144,9877696.59,2010384000.0,1007814240.0
2007-02-14,'002038,Ë«ðØÒ©Òµ,23.89,24.45,23.5,23.82,23.6,0.29,1.2288,1.3656,566840,13610752.64,1978092000.0,991626120.0
2007-02-13,'002038,Ë«ðØÒ©Òµ,23.6,24.25,23.07,23.75,23.74,-0.14,-0.5897,1.4864,616968,14469021.48,1954080000.0,979588800.0
2007-02-12,'002038,Ë«ðØÒ©Òµ,23.74,24.55,23.5,23.62,23.46,0.28,1.1935,1.1739,487268,11606532.39,1965672000.0,985399920.0
2007-02-09,'002038,Ë«ðØÒ©Òµ,23.46,23.68,22.95,23.39,23.39,0.07,0.2993,0.8447,350621,8213865.63,1942488000.0,973777680.0
2007-02-08,'002038,Ë«ðØÒ©Òµ,23.39,24.1,22.8,23.31,23.39,0.0,0.0,1.7676,733682,17089769.3,1936692000.0,970872120.0
2007-02-07,'002038,Ë«ðØÒ©Òµ,23.39,23.39,21.01,21.01,21.26,2.13,10.0188,3.3054,1371990,31233041.24,1936692000.0,970872120.0
2007-02-06,'002038,Ë«ðØÒ©Òµ,21.26,21.69,20.81,21.3,21.3,-0.04,-0.1878,1.169,485234,10250025.96,1760328000.0,882460080.0
2007-02-05,'002038,Ë«ðØÒ©Òµ,21.3,21.7,20.55,21.7,21.48,-0.18,-0.838,2.41,1000338,20959794.91,1763640000.0,884120400.0
2007-02-02,'002038,Ë«ðØÒ©Òµ,21.48,22.2,21.23,21.65,20.9,0.58,2.7751,5.4452,2260195,49279777.53,1778544000.0,891591840.0
2007-02-01,'002038,Ë«ðØÒ©Òµ,20.9,20.9,18.6,18.7,19.0,1.9,10.0,4.012,1665293,32645762.06,1730520000.0,867517200.0
2007-01-31,'002038,Ë«ðØÒ©Òµ,19.0,19.96,18.83,19.7,19.66,-0.66,-3.3571,2.3157,961208,18627405.53,1573200000.0,788652000.0
2007-01-30,'002038,Ë«ðØÒ©Òµ,19.66,20.2,18.9,18.9,18.63,1.03,5.5287,6.2099,2577592,50668386.95,1627848000.0,816047280.0
2007-01-29,'002038,Ë«ðØÒ©Òµ,18.63,18.63,17.0,17.0,16.94,1.69,9.9764,4.9567,2057434,36912497.19,1542564000.0,773294040.0
2007-01-26,'002038,Ë«ðØÒ©Òµ,16.94,17.07,16.4,16.8,16.96,-0.02,-0.1179,1.6558,687292,11488416.85,1402632000.0,703145520.0
2007-01-25,'002038,Ë«ðØÒ©Òµ,16.96,17.5,16.93,17.5,17.52,-0.56,-3.1963,2.7477,1140499,19614985.33,1404288000.0,703975680.0
2007-01-24,'002038,Ë«ðØÒ©Òµ,17.52,18.08,17.41,18.08,18.08,-0.56,-3.0973,3.2714,1357913,23958966.9,1450656000.0,727220160.0
2007-01-23,'002038,Ë«ðØÒ©Òµ,18.08,18.79,17.82,18.79,18.67,-0.59,-3.1601,4.2376,1758928,32104522.25,1497024000.0,750464640.0
2007-01-22,'002038,Ë«ðØÒ©Òµ,18.67,18.8,18.18,18.4,18.0,0.67,3.7222,3.8474,1596991,29473541.4,1545876000.0,774954360.0
2007-01-19,'002038,Ë«ðØÒ©Òµ,18.0,18.9,17.92,18.4,18.41,-0.41,-2.2271,4.4647,1853214,33740469.27,1490400000.0,747144000.0
2007-01-18,'002038,Ë«ðØÒ©Òµ,18.41,18.47,17.45,17.75,17.74,0.67,3.7768,2.6869,1115287,19901312.62,1524348000.0,764162280.0
2007-01-17,'002038,Ë«ðØÒ©Òµ,17.74,18.79,17.51,17.82,18.0,-0.26,-1.4444,5.5272,2294224,41602347.91,1468872000.0,736351920.0
2007-01-16,'002038,Ë«ðØÒ©Òµ,18.0,18.46,17.4,17.9,17.66,0.34,1.9253,3.2751,1359426,24435552.01,1490400000.0,747144000.0
2007-01-15,'002038,Ë«ðØÒ©Òµ,17.66,17.66,16.08,16.1,16.05,1.61,10.0312,6.801,2822967,48419772.03,1462248000.0,733031280.0
2007-01-12,'002038,Ë«ðØÒ©Òµ,16.05,16.75,15.83,16.29,16.29,-0.24,-1.4733,2.8973,1202611,19641989.43,1328940000.0,666203400.0
2007-01-11,'002038,Ë«ðØÒ©Òµ,16.29,16.9,16.13,16.59,16.62,-0.33,-1.9856,3.5124,1457927,24218625.21,1348812000.0,676165320.0
2007-01-10,'002038,Ë«ðØÒ©Òµ,16.62,16.66,15.66,15.85,15.86,0.76,4.7919,3.6515,1515665,24668556.2,1376136000.0,689862960.0
2007-01-09,'002038,Ë«ðØÒ©Òµ,15.86,15.9,15.3,15.6,15.51,0.35,2.2566,2.8478,1182085,18495611.95,1313208000.0,658316880.0
2007-01-08,'002038,Ë«ðØÒ©Òµ,15.51,15.66,15.0,15.04,14.99,0.52,3.469,4.5609,1893148,29219794.37,1284228000.0,643789080.0
2007-01-05,'002038,Ë«ðØÒ©Òµ,14.99,15.14,14.0,14.1,14.25,0.74,5.193,3.1756,1318118,19535613.78,1241172000.0,622204920.0
2007-01-04,'002038,Ë«ðØÒ©Òµ,14.25,14.45,13.77,14.1,14.04,0.21,1.4957,4.9405,2050687,28631553.66,1179900000.0,591489000.0
2006-12-29,'002038,Ë«ðØÒ©Òµ,14.04,14.23,13.9,13.92,13.91,0.13,0.9346,1.9796,821688,11536711.26,1162512000.0,582772320.0
2006-12-28,'002038,Ë«ðØÒ©Òµ,13.91,14.55,13.9,14.5,14.55,-0.64,-4.3986,1.3322,552960,7811693.52,1151748000.0,577376280.0
2006-12-27,'002038,Ë«ðØÒ©Òµ,14.55,14.6,14.2,14.49,14.31,0.24,1.6771,1.0326,428617,6163167.99,1204740000.0,603941400.0
2006-12-26,'002038,Ë«ðØÒ©Òµ,14.31,14.8,14.22,14.6,14.58,-0.27,-1.8519,1.1675,484610,6995446.21,1184868000.0,593979480.0
2006-12-25,'002038,Ë«ðØÒ©Òµ,14.58,15.0,14.5,14.61,14.61,-0.03,-0.2053,1.2195,506201,7458078.46,1207224000.0,605186640.0
2006-12-22,'002038,Ë«ðØÒ©Òµ,14.61,14.92,14.5,14.65,14.75,-0.14,-0.9492,1.2141,503950,7396243.63,1209708000.0,606431880.0
2006-12-21,'002038,Ë«ðØÒ©Òµ,14.75,15.42,14.65,15.0,14.91,-0.16,-1.0731,3.5214,1461651,22215138.54,1221300000.0,612243000.0
2006-12-20,'002038,Ë«ðØÒ©Òµ,14.91,15.1,14.19,14.39,14.39,0.52,3.6136,3.8354,1592001,23487630.27,1234548000.0,618884280.0
2006-12-19,'002038,Ë«ðØÒ©Òµ,14.39,14.51,14.18,14.48,14.43,-0.04,-0.2772,1.8162,753850,10804868.65,1191492000.0,597300120.0
2006-12-18,'002038,Ë«ðØÒ©Òµ,14.43,14.65,14.18,14.32,14.25,0.18,1.2632,2.3798,987797,14284885.29,1194804000.0,598960440.0
2006-12-15,'002038,Ë«ðØÒ©Òµ,14.25,14.35,14.13,14.3,14.29,-0.04,-0.2799,1.1331,470344,6699026.27,1179900000.0,591489000.0
2006-12-14,'002038,Ë«ðØÒ©Òµ,14.29,14.29,14.01,14.1,14.14,0.15,1.0608,1.3724,569648,8066338.89,1183212000.0,593149320.0
2006-12-13,'002038,Ë«ðØÒ©Òµ,14.14,14.28,13.62,13.62,13.67,0.47,3.4382,1.5464,641884,8957887.26,1170792000.0,586923120.0
2006-12-12,'002038,Ë«ðØÒ©Òµ,13.67,13.85,13.63,13.82,13.81,-0.14,-1.0138,1.2196,506241,6944331.67,1131876000.0,567414360.0
2006-12-11,'002038,Ë«ðØÒ©Òµ,13.81,13.9,13.6,13.6,13.6,0.21,1.5441,0.7913,328451,4516902.42,1143468000.0,573225480.0
2006-12-08,'002038,Ë«ðØÒ©Òµ,13.6,14.0,13.56,13.68,13.8,-0.2,-1.4493,1.6592,688687,9427327.49,1126080000.0,564508800.0
2006-12-07,'002038,Ë«ðØÒ©Òµ,13.8,14.05,13.7,14.05,14.05,-0.25,-1.7794,1.5364,637711,8829029.52,1142640000.0,572810400.0
2006-12-06,'002038,Ë«ðØÒ©Òµ,14.05,14.31,13.6,14.2,14.26,-0.21,-1.4727,2.2745,944107,13126291.78,1163340000.0,583187400.0
2006-12-05,'002038,Ë«ðØÒ©Òµ,14.26,14.48,14.18,14.48,14.48,-0.22,-1.5193,1.9473,808279,11538767.68,1180728000.0,591904080.0
2006-12-04,'002038,Ë«ðØÒ©Òµ,14.48,14.5,14.02,14.2,14.17,0.31,2.1877,3.8068,1580121,22614499.87,1198944000.0,601035840.0
2006-12-01,'002038,Ë«ðØÒ©Òµ,14.17,14.37,13.96,14.36,14.3,-0.13,-0.9091,2.2906,950784,13457089.45,1173276000.0,588168360.0
2006-11-30,'002038,Ë«ðØÒ©Òµ,14.3,14.5,14.22,14.34,14.29,0.01,0.07,2.314,960515,13796017.6,1184040000.0,593564400.0
2006-11-29,'002038,Ë«ðØÒ©Òµ,14.29,14.35,13.82,13.97,14.09,0.2,1.4194,1.9527,810543,11501425.11,1183212000.0,593149320.0
2006-11-28,'002038,Ë«ðØÒ©Òµ,14.09,14.28,13.91,14.14,14.15,-0.06,-0.424,1.5204,631082,8876652.9,1166652000.0,584847720.0
2006-11-27,'002038,Ë«ðØÒ©Òµ,14.15,14.18,13.64,13.79,13.77,0.38,2.7596,2.0445,848650,11820240.24,1171620000.0,587338200.0
2006-11-24,'002038,Ë«ðØÒ©Òµ,13.77,13.82,13.3,13.5,13.57,0.2,1.4738,1.9557,811792,10975247.17,1140156000.0,571565160.0
2006-11-23,'002038,Ë«ðØÒ©Òµ,13.57,13.69,13.22,13.69,13.69,-0.12,-0.8766,3.1113,1291428,17361711.16,1123596000.0,563263560.0
2006-11-22,'002038,Ë«ðØÒ©Òµ,13.69,13.75,13.42,13.55,13.49,0.2,1.4826,3.2746,1359234,18515632.54,1133532000.0,568244520.0
2006-11-21,'002038,Ë«ðØÒ©Òµ,13.49,13.75,13.36,13.49,13.5,-0.01,-0.0741,1.5092,626449,8453884.51,1116972000.0,559942920.0
2006-11-20,'002038,Ë«ðØÒ©Òµ,13.5,13.96,13.43,13.96,13.85,-0.35,-2.5271,0.8984,372900,5051740.42,1117800000.0,560358000.0
2006-11-17,'002038,Ë«ðØÒ©Òµ,13.85,13.98,13.74,13.74,13.88,-0.03,-0.2161,0.5865,243436,3367177.13,1146780000.0,574885800.0
2006-11-16,'002038,Ë«ðØÒ©Òµ,13.88,14.05,13.82,13.96,13.95,-0.07,-0.5018,1.0509,436189,6056796.74,1149264000.0,576131040.0
2006-11-15,'002038,Ë«ðØÒ©Òµ,13.95,14.05,13.62,13.7,13.65,0.3,2.1978,1.393,578221,8045918.28,1155060000.0,579036600.0
2006-11-14,'002038,Ë«ðØÒ©Òµ,13.65,13.7,13.27,13.4,13.4,0.25,1.8657,0.6639,275556,3708361.51,1130220000.0,566584200.0
2006-11-13,'002038,Ë«ðØÒ©Òµ,13.4,13.72,13.3,13.7,13.7,-0.3,-2.1898,0.7908,328240,4414235.82,1109520000.0,556207200.0
2006-11-10,'002038,Ë«ðØÒ©Òµ,13.7,13.88,13.58,13.83,13.8,-0.1,-0.7246,1.1375,472137,6455681.13,1134360000.0,568659600.0
2006-11-09,'002038,Ë«ðØÒ©Òµ,13.8,14.12,13.44,13.55,13.44,0.36,2.6786,1.884,782024,10720760.25,1142640000.0,572810400.0
2006-11-08,'002038,Ë«ðØÒ©Òµ,13.44,13.46,13.23,13.4,13.41,0.03,0.2237,3.083,927868,12330654.54,1112832000.0,404490240.0
2006-11-07,'002038,Ë«ðØÒ©Òµ,13.41,13.9,13.26,13.87,13.88,-0.47,-3.3862,3.0311,912240,12254438.82,1110348000.0,403587360.0
2006-11-06,'002038,Ë«ðØÒ©Òµ,13.88,14.05,13.7,14.0,14.0,-0.12,-0.8571,1.0114,304396,4238858.73,1149264000.0,417732480.0
2006-11-03,'002038,Ë«ðØÒ©Òµ,14.0,14.05,13.68,13.71,13.86,0.14,1.0101,1.8032,542692,7541372.27,1159200000.0,421344000.0
2006-11-02,'002038,Ë«ðØÒ©Òµ,13.86,14.29,13.85,14.29,14.29,-0.43,-3.0091,1.9069,573893,8001552.02,1147608000.0,417130560.0
2006-11-01,'002038,Ë«ðØÒ©Òµ,14.29,14.33,14.02,14.2,14.2,0.09,0.6338,1.0204,307098,4364906.35,1183212000.0,430071840.0
2006-10-31,'002038,Ë«ðØÒ©Òµ,14.2,14.22,13.9,14.0,14.02,0.18,1.2839,0.989,297647,4181442.34,1175760000.0,427363200.0
2006-10-30,'002038,Ë«ðØÒ©Òµ,14.02,14.06,13.75,14.06,14.09,-0.07,-0.4968,2.1966,661081,9176467.72,1160856000.0,421945920.0
2006-10-27,'002038,Ë«ðØÒ©Òµ,14.09,14.66,14.0,14.66,14.55,-0.46,-3.1615,2.0965,630975,8981222.59,1166652000.0,424052640.0
2006-10-26,'002038,Ë«ðØÒ©Òµ,14.55,14.8,14.28,14.48,14.45,0.1,0.692,1.4065,423287,6103487.37,1204740000.0,437896800.0
2006-10-25,'002038,Ë«ðØÒ©Òµ,14.45,14.87,14.35,14.85,14.8,-0.35,-2.3649,2.7251,820156,11908545.18,1196460000.0,434887200.0
2006-10-24,'002038,Ë«ðØÒ©Òµ,14.8,14.95,14.55,14.65,14.65,0.15,1.0239,3.4608,1041572,15330573.16,1225440000.0,445420800.0
2006-10-23,'002038,Ë«ðØÒ©Òµ,14.65,15.28,14.5,15.28,15.35,-0.7,-4.5603,2.5891,779212,11687008.39,1213020000.0,440906400.0
2006-10-20,'002038,Ë«ðØÒ©Òµ,15.35,15.92,15.31,15.8,15.93,-0.58,-3.6409,4.472,1345888,20891516.99,1270980000.0,461973600.0
2006-10-19,'002038,Ë«ðØÒ©Òµ,15.93,15.98,15.4,15.47,15.48,0.45,2.907,1.5065,453401,7133294.73,1319004000.0,479429280.0
2006-10-18,'002038,Ë«ðØÒ©Òµ,15.48,15.6,15.12,15.12,15.16,0.32,2.1108,0.9499,285868,4416767.48,1281744000.0,465886080.0
2006-10-17,'002038,Ë«ðØÒ©Òµ,15.16,15.25,15.0,15.02,15.15,0.01,0.066,0.9347,281295,4263139.75,1255248000.0,456255360.0
2006-10-16,'002038,Ë«ðØÒ©Òµ,15.15,15.61,15.15,15.52,15.52,-0.37,-2.384,1.137,342202,5242167.88,1254420000.0,455954400.0
2006-10-13,'002038,Ë«ðØÒ©Òµ,15.52,15.66,15.4,15.42,15.56,-0.04,-0.2571,1.1615,349574,5426914.0,1285056000.0,467089920.0
2006-10-12,'002038,Ë«ðØÒ©Òµ,15.56,16.31,15.5,16.18,16.2,-0.64,-3.9506,2.6356,793196,12481543.0,1288368000.0,468293760.0
2006-10-11,'002038,Ë«ðØÒ©Òµ,16.2,16.32,15.52,15.6,15.72,0.48,3.0534,2.2378,673489,10775857.78,1341360000.0,487555200.0
2006-10-10,'002038,Ë«ðØÒ©Òµ,15.72,15.89,15.5,15.8,15.9,-0.18,-1.1321,1.6532,497559,7789583.57,1301616000.0,473109120.0
2006-10-09,'002038,Ë«ðØÒ©Òµ,15.9,16.0,15.3,15.45,15.3,0.6,3.9216,2.684,807791,12631018.77,1316520000.0,478526400.0
2006-09-29,'002038,Ë«ðØÒ©Òµ,15.3,15.45,15.03,15.03,15.03,0.27,1.7964,3.036,913724,13967396.27,1266840000.0,460468800.0
2006-09-28,'002038,Ë«ðØÒ©Òµ,15.03,15.28,14.98,14.98,14.98,0.05,0.3338,1.1205,337224,5108612.38,1244484000.0,452342880.0
2006-09-27,'002038,Ë«ðØÒ©Òµ,14.98,15.1,14.72,14.88,14.94,0.04,0.2677,1.3556,407993,6060651.17,1240344000.0,450838080.0
2006-09-26,'002038,Ë«ðØÒ©Òµ,14.94,15.3,14.81,15.15,15.3,-0.36,-2.3529,1.6558,498335,7479380.27,1237032000.0,449634240.0
2006-09-25,'002038,Ë«ðØÒ©Òµ,15.3,15.61,15.19,15.58,15.6,-0.3,-1.9231,1.283,386119,5947587.79,1266840000.0,460468800.0
2006-09-22,'002038,Ë«ðØÒ©Òµ,15.6,15.8,15.26,15.52,15.5,0.1,0.6452,1.9158,576564,8977416.87,1291680000.0,469497600.0
2006-09-21,'002038,Ë«ðØÒ©Òµ,15.5,15.7,15.0,15.15,15.09,0.41,2.717,2.5346,762809,11686084.98,1283400000.0,466488000.0
2006-09-20,'002038,Ë«ðØÒ©Òµ,15.09,15.3,15.0,15.28,15.28,-0.19,-1.2435,1.2058,362883,5488735.26,1249452000.0,454148640.0
2006-09-19,'002038,Ë«ðØÒ©Òµ,15.28,15.5,14.95,15.05,15.07,0.21,1.3935,2.5398,764391,11680414.02,1265184000.0,459866880.0
2006-09-18,'002038,Ë«ðØÒ©Òµ,15.07,15.4,14.8,15.14,15.14,-0.07,-0.4624,1.8978,571166,8547938.8,1247796000.0,453546720.0
2006-09-15,'002038,Ë«ðØÒ©Òµ,15.14,15.2,14.9,15.0,15.0,0.14,0.9333,2.0187,607540,9142930.56,1253592000.0,455653440.0
2006-09-14,'002038,Ë«ðØÒ©Òµ,15.0,15.95,14.92,15.95,15.8,-0.8,-5.0633,3.199,962779,14573163.15,1242000000.0,451440000.0
2006-09-13,'002038,Ë«ðØÒ©Òµ,15.8,16.0,15.4,15.69,15.7,0.1,0.6369,1.9501,586909,9169928.41,1308240000.0,475516800.0
2006-09-12,'002038,Ë«ðØÒ©Òµ,15.7,16.39,15.66,15.95,15.93,-0.23,-1.4438,2.3761,715105,11449975.09,1299960000.0,472507200.0
2006-09-11,'002038,Ë«ðØÒ©Òµ,15.93,15.96,15.22,15.4,15.4,0.53,3.4416,1.9452,585433,9102223.07,1319004000.0,479429280.0
2006-09-08,'002038,Ë«ðØÒ©Òµ,15.4,15.59,15.08,15.27,15.32,0.08,0.5222,2.7527,828466,12659711.55,1275120000.0,463478400.0
2006-09-07,'002038,Ë«ðØÒ©Òµ,15.32,16.25,15.32,15.48,15.48,-0.16,-1.0336,4.6638,1403614,22115997.45,1268496000.0,461070720.0
2006-09-06,'002038,Ë«ðØÒ©Òµ,15.48,15.71,15.26,15.58,15.36,0.12,0.7813,1.8177,547060,8446003.34,1281744000.0,465886080.0
2006-09-05,'002038,Ë«ðØÒ©Òµ,15.36,15.77,15.31,15.7,15.7,-0.34,-2.1656,2.4748,744804,11547278.07,1271808000.0,462274560.0
2006-09-04,'002038,Ë«ðØÒ©Òµ,15.7,15.72,14.4,14.4,14.41,1.29,8.9521,6.489,1952924,29621858.53,1299960000.0,472507200.0
2006-09-01,'002038,Ë«ðØÒ©Òµ,14.41,14.64,14.1,14.2,14.2,0.21,1.4789,4.1186,1239531,17856762.61,1193148000.0,433683360.0
2006-08-31,'002038,Ë«ðØÒ©Òµ,14.2,14.36,13.87,14.0,13.97,0.23,1.6464,2.255,678662,9606534.4,1175760000.0,427363200.0
2006-08-30,'002038,Ë«ðØÒ©Òµ,13.97,14.36,13.88,14.21,14.3,-0.33,-2.3077,4.6224,1391156,19464406.63,1156716000.0,420441120.0
2006-08-29,'002038,Ë«ðØÒ©Òµ,14.3,14.64,14.21,14.45,14.45,-0.15,-1.0381,3.9777,1197130,17242989.11,1184040000.0,430372800.0
2006-08-28,'002038,Ë«ðØÒ©Òµ,14.45,14.52,14.08,14.2,14.23,0.22,1.546,3.5899,1080430,15490834.69,1196460000.0,434887200.0
2006-08-25,'002038,Ë«ðØÒ©Òµ,14.23,14.34,14.05,14.28,14.23,0.0,0.0,2.7246,820007,11635120.97,1178244000.0,428266080.0
2006-08-24,'002038,Ë«ðØÒ©Òµ,14.23,14.34,13.6,13.6,13.67,0.56,4.0966,4.1054,1235553,17421616.64,1178244000.0,428266080.0
2006-08-23,'002038,Ë«ðØÒ©Òµ,13.67,13.95,13.52,13.6,13.74,-0.07,-0.5095,2.0431,614893,8474790.38,1131876000.0,411412320.0
2006-08-22,'002038,Ë«ðØÒ©Òµ,13.74,13.99,13.34,13.4,13.43,0.31,2.3083,2.9009,873054,12026751.97,1137672000.0,413519040.0
2006-08-21,'002038,Ë«ðØÒ©Òµ,13.43,13.45,12.61,12.76,13.11,0.32,2.4409,1.0886,327610,4301537.12,1112004000.0,404189280.0
2006-08-18,'002038,Ë«ðØÒ©Òµ,13.11,13.43,13.0,13.18,13.21,-0.1,-0.757,0.7169,215750,2838921.92,1085508000.0,394558560.0
2006-08-17,'002038,Ë«ðØÒ©Òµ,13.21,13.21,12.88,13.19,13.15,0.06,0.4563,0.6327,190428,2473042.68,1093788000.0,397568160.0
2006-08-16,'002038,Ë«ðØÒ©Òµ,13.15,13.3,13.03,13.04,12.94,0.21,1.6229,1.1025,331795,4370159.22,1088820000.0,395762400.0
2006-08-15,'002038,Ë«ðØÒ©Òµ,12.94,13.05,12.62,12.62,12.74,0.2,1.5699,0.3513,105714,1355438.95,1071432000.0,389442240.0
2006-08-14,'002038,Ë«ðØÒ©Òµ,12.74,13.24,12.74,13.1,13.18,-0.44,-3.3384,0.7995,240615,3129390.87,1054872000.0,383423040.0
2006-08-11,'002038,Ë«ðØÒ©Òµ,13.18,13.26,12.84,12.9,13.0,0.18,1.3846,1.1321,340718,4474191.42,1091304000.0,396665280.0
2006-08-10,'002038,Ë«ðØÒ©Òµ,13.0,13.02,12.5,12.75,12.72,0.28,2.2013,1.0367,311992,4011663.64,1076400000.0,391248000.0
2006-08-09,'002038,Ë«ðØÒ©Òµ,12.72,13.07,12.7,12.73,12.9,-0.18,-1.3953,0.8352,251373,3215573.72,1053216000.0,382821120.0
2006-08-08,'002038,Ë«ðØÒ©Òµ,12.9,13.0,12.42,12.5,12.5,0.4,3.2,1.0111,304301,3859985.66,1068120000.0,388238400.0
2006-08-07,'002038,Ë«ðØÒ©Òµ,12.5,12.87,12.38,12.7,12.83,-0.33,-2.5721,1.4116,424827,5361659.16,1035000000.0,376200000.0
2006-08-04,'002038,Ë«ðØÒ©Òµ,12.83,13.32,12.81,13.32,13.2,-0.37,-2.803,1.0327,310812,4040866.25,1062324000.0,386131680.0
2006-08-03,'002038,Ë«ðØÒ©Òµ,13.2,13.4,13.08,13.3,13.22,-0.02,-0.1513,1.4402,433432,5737296.14,1092960000.0,397267200.0
2006-08-02,'002038,Ë«ðØÒ©Òµ,13.22,13.39,13.01,13.26,13.26,-0.04,-0.3017,1.1078,333414,4395046.53,1094616000.0,397869120.0
2006-08-01,'002038,Ë«ðØÒ©Òµ,13.26,13.63,13.1,13.3,13.32,-0.06,-0.4505,1.5723,473196,6331808.1,1097928000.0,399072960.0
2006-07-31,'002038,Ë«ðØÒ©Òµ,13.32,14.08,13.32,14.0,14.08,-0.76,-5.3977,2.1167,637038,8661607.58,1102896000.0,400878720.0
2006-07-28,'002038,Ë«ðØÒ©Òµ,14.08,14.16,13.85,13.94,13.99,0.09,0.6433,3.7125,1117324,15642884.89,1165824000.0,423751680.0
2006-07-27,'002038,Ë«ðØÒ©Òµ,13.99,14.05,13.6,13.62,13.64,0.35,2.566,4.0257,1211585,16732759.04,1158372000.0,421043040.0
2006-07-26,'002038,Ë«ðØÒ©Òµ,13.64,13.9,13.48,13.48,13.36,0.28,2.0958,3.5422,1066067,14656135.0,1129392000.0,410509440.0
2006-07-25,'002038,Ë«ðØÒ©Òµ,13.36,13.45,13.11,13.11,13.13,0.23,1.7517,0.9878,297296,3950701.05,1106208000.0,402082560.0
2006-07-24,'002038,Ë«ðØÒ©Òµ,13.13,13.29,12.63,12.97,13.0,0.13,1.0,1.139,342803,4453239.38,1087164000.0,395160480.0
2006-07-21,'002038,Ë«ðØÒ©Òµ,13.0,13.37,12.88,13.05,13.05,-0.05,-0.3831,1.2297,370091,4799152.7,1076400000.0,391248000.0
2006-07-20,'002038,Ë«ðØÒ©Òµ,13.05,13.37,12.95,13.26,13.26,-0.21,-1.5837,1.7066,513611,6717243.8,1080540000.0,392752800.0
2006-07-19,'002038,Ë«ðØÒ©Òµ,13.26,14.0,12.86,14.0,14.02,-0.76,-5.4208,4.578,1377788,18250953.72,1097928000.0,399072960.0
2006-07-18,'002038,Ë«ðØÒ©Òµ,14.02,14.35,13.55,13.56,13.56,0.46,3.3923,4.022,1210475,16883321.76,1160856000.0,421945920.0
2006-07-17,'002038,Ë«ðØÒ©Òµ,13.56,13.76,13.22,13.4,13.59,-0.03,-0.2208,1.0494,315817,4263447.99,1122768000.0,408101760.0
2006-07-14,'002038,Ë«ðØÒ©Òµ,13.59,13.66,13.2,13.2,13.45,0.14,1.0409,2.0762,624860,8426330.32,1125252000.0,409004640.0
2006-07-13,'002038,Ë«ðØÒ©Òµ,13.45,14.65,13.4,14.2,14.32,-0.87,-6.0754,4.729,1423249,19949740.24,1113660000.0,404791200.0
2006-07-12,'002038,Ë«ðØÒ©Òµ,14.32,14.56,13.72,13.92,13.9,0.42,3.0216,5.0614,1523266,21754700.14,1185696000.0,430974720.0
2006-07-11,'002038,Ë«ðØÒ©Òµ,13.9,14.11,13.76,13.98,13.98,-0.08,-0.5722,2.7534,828668,11525300.12,1150920000.0,418334400.0
2006-07-10,'002038,Ë«ðØÒ©Òµ,13.98,13.98,13.4,13.41,13.37,0.61,4.5625,2.7589,830310,11405728.98,1157544000.0,420742080.0
2006-07-07,'002038,Ë«ðØÒ©Òµ,13.37,13.8,13.3,13.8,13.68,-0.31,-2.2661,2.2887,688796,9263766.51,1107036000.0,402383520.0
2006-07-06,'002038,Ë«ðØÒ©Òµ,13.68,13.72,13.24,13.47,13.46,0.22,1.6345,2.5531,768385,10444651.36,1132704000.0,411713280.0
2006-07-05,'002038,Ë«ðØÒ©Òµ,13.46,13.54,13.09,13.53,13.51,-0.05,-0.3701,3.7215,1120036,14814681.5,1114488000.0,405092160.0
2006-07-04,'002038,Ë«ðØÒ©Òµ,13.51,13.7,13.36,13.7,13.7,-0.19,-1.3869,3.5928,1081293,14528255.14,1118628000.0,406596960.0
2006-07-03,'002038,Ë«ðØÒ©Òµ,13.7,14.18,13.65,14.1,14.06,-0.36,-2.5605,5.3343,1605414,22118867.26,1134360000.0,412315200.0
2006-06-30,'002038,Ë«ðØÒ©Òµ,14.06,14.67,14.0,14.3,14.25,-0.19,-1.3333,2.3165,697160,9982784.25,1164168000.0,423149760.0
2006-06-29,'002038,Ë«ðØÒ©Òµ,14.25,14.32,13.93,13.93,13.98,0.27,1.9313,2.8056,844385,11972513.62,1179900000.0,428868000.0
2006-06-28,'002038,Ë«ðØÒ©Òµ,13.98,14.06,13.7,13.95,13.93,0.05,0.3589,1.121,337368,4697081.69,1157544000.0,420742080.0
2006-06-27,'002038,Ë«ðØÒ©Òµ,13.93,14.15,13.66,14.01,13.93,0.0,0.0,1.1661,350962,4841247.76,1153404000.0,419237280.0
2006-06-26,'002038,Ë«ðØÒ©Òµ,13.93,13.95,13.62,13.62,13.77,0.16,1.1619,2.2504,677271,9333797.44,1153404000.0,419237280.0
2006-06-23,'002038,Ë«ðØÒ©Òµ,13.77,13.89,13.55,13.8,13.95,-0.18,-1.2903,1.2671,381353,5201133.03,1140156000.0,414421920.0
2006-06-22,'002038,Ë«ðØÒ©Òµ,13.95,14.15,13.76,14.1,14.16,-0.21,-1.4831,0.9347,281311,3908592.55,1155060000.0,419839200.0
2006-06-21,'002038,Ë«ðØÒ©Òµ,14.16,14.16,13.8,13.9,14.03,0.13,0.9266,1.7216,518125,7241889.54,1172448000.0,426159360.0
2006-06-20,'002038,Ë«ðØÒ©Òµ,14.03,14.35,13.65,13.66,13.92,0.11,0.7902,3.2589,980793,13765608.97,1161684000.0,422246880.0
2006-06-19,'002038,Ë«ðØÒ©Òµ,13.92,14.2,13.52,13.7,13.65,0.27,1.978,3.0878,929309,12975835.07,1152576000.0,418936320.0
2006-06-16,'002038,Ë«ðØÒ©Òµ,13.65,13.79,13.43,13.43,13.3,0.35,2.6316,2.0379,613318,8379898.57,1130220000.0,410810400.0
2006-06-15,'002038,Ë«ðØÒ©Òµ,13.3,13.58,13.2,13.4,13.2,0.1,0.7576,0.6115,184036,2463314.06,1101240000.0,400276800.0
2006-06-14,'002038,Ë«ðØÒ©Òµ,13.2,13.44,13.0,13.42,13.42,-0.22,-1.6393,0.9663,290807,3817850.33,1092960000.0,397267200.0
2006-06-13,'002038,Ë«ðØÒ©Òµ,13.42,13.8,13.15,13.68,13.56,-0.14,-1.0324,0.9672,291082,3894252.31,1111176000.0,403888320.0
2006-06-12,'002038,Ë«ðØÒ©Òµ,13.56,13.71,13.04,13.15,13.4,0.16,1.194,0.9401,282924,3812910.96,1122768000.0,408101760.0
2006-06-09,'002038,Ë«ðØÒ©Òµ,13.4,13.51,12.72,13.2,13.2,0.2,1.5152,3.7435,1126629,14925762.98,1109520000.0,403286400.0
2006-06-08,'002038,Ë«ðØÒ©Òµ,13.2,13.44,12.0,13.04,13.33,-0.13,-0.9752,4.3136,1298211,16473983.57,1092960000.0,397267200.0
2006-06-07,'002038,Ë«ðØÒ©Òµ,13.33,14.7,13.23,14.7,14.7,-1.37,-9.3197,4.9643,1494051,20598178.16,1103724000.0,401179680.0
2006-06-06,'002038,Ë«ðØÒ©Òµ,14.7,15.35,14.6,15.35,15.35,-0.65,-4.2345,1.9667,591902,8767150.27,1217160000.0,442411200.0
2006-06-05,'002038,Ë«ðØÒ©Òµ,15.35,15.8,14.42,14.65,14.73,0.62,4.2091,3.7071,1115699,17031704.09,1270980000.0,461973600.0
2006-06-02,'002038,Ë«ðØÒ©Òµ,14.73,15.03,14.4,15.0,15.04,-0.31,-2.0612,3.6088,1086118,15962642.87,1219644000.0,443314080.0
2006-06-01,'002038,Ë«ðØÒ©Òµ,15.04,15.11,14.05,14.15,14.23,0.81,5.6922,3.5895,1080302,16048623.03,1245312000.0,452643840.0
2006-05-31,'002038,Ë«ðØÒ©Òµ,14.33,14.64,13.98,14.3,14.45,-0.12,-0.8304,4.2916,1291603,18471012.8,1186524000.0,431275680.0
2006-05-30,'002038,Ë«ðØÒ©Òµ,14.45,15.16,14.05,14.5,14.43,0.02,0.1386,12.7436,3835312,56441977.41,1196460000.0,434887200.0
2006-05-29,'002038,Ë«ðØÒ©Òµ,14.43,14.68,13.75,14.06,13.7,0.73,5.3285,7.1134,2140843,30547782.24,1194804000.0,434285280.0
2006-05-26,'002038,Ë«ðØÒ©Òµ,13.7,13.7,12.45,12.45,12.45,1.25,10.0402,6.1741,1858147,24826606.36,1134360000.0,412315200.0
2006-05-25,'002038,Ë«ðØÒ©Òµ,12.45,12.49,12.04,12.18,12.18,0.27,2.2167,1.6587,499206,6158447.98,1030860000.0,374695200.0
2006-05-24,'002038,Ë«ðØÒ©Òµ,12.18,13.07,12.0,12.74,12.71,-0.53,-4.1699,4.1293,1242755,15435410.73,1008504000.0,366569280.0
2006-05-23,'002038,Ë«ðØÒ©Òµ,12.71,13.6,12.59,13.6,13.84,-1.13,-8.1647,3.972,1195428,15476654.97,1052388000.0,382520160.0
2006-05-22,'002038,Ë«ðØÒ©Òµ,13.84,14.6,13.71,13.9,13.85,-0.01,-0.0722,5.8434,1758617,24807573.94,1145952000.0,416528640.0
2006-05-19,'002038,Ë«ðØÒ©Òµ,13.85,13.86,12.8,12.8,12.85,1.0,7.7821,5.7128,1719327,23055314.0,1146780000.0,416829600.0
2006-05-18,'002038,Ë«ðØÒ©Òµ,12.85,12.99,12.65,12.85,12.93,-0.08,-0.6187,2.1843,657398,8416886.31,1063980000.0,386733600.0
2006-05-17,'002038,Ë«ðØÒ©Òµ,12.93,13.2,12.52,13.2,13.46,-0.53,-3.9376,6.2625,1884760,24150076.04,1070604000.0,389141280.0
2006-05-16,'002038,Ë«ðØÒ©Òµ,0.0,0.0,0.0,0.0,13.46,None,None,0.0,0,0.0,1114488000.0,405092160.0
2006-05-15,'002038,Ë«ðØÒ©Òµ,13.46,13.79,13.02,13.41,13.37,0.09,0.6731,7.0314,2116164,28288443.5,1114488000.0,405092160.0
2006-05-12,'002038,Ë«ðØÒ©Òµ,13.37,13.58,13.01,13.01,13.16,0.21,1.5957,3.4073,1025458,13606259.95,1107036000.0,402383520.0
2006-05-11,'002038,Ë«ðØÒ©Òµ,13.16,13.98,13.15,13.6,13.67,-0.51,-3.7308,5.3968,1624227,22064740.3,1089648000.0,396063360.0
2006-05-10,'002038,Ë«ðØÒ©Òµ,13.67,14.0,13.48,13.95,13.85,-0.18,-1.2996,3.5998,1083386,14830706.41,1131876000.0,411412320.0
2006-05-09,'002038,Ë«ðØÒ©Òµ,13.85,14.19,13.63,13.66,13.7,0.15,1.0949,3.1625,951796,13192831.07,1146780000.0,416829600.0
2006-05-08,'002038,Ë«ðØÒ©Òµ,13.7,14.1,13.11,13.7,13.6,0.1,0.7353,3.7775,1136879,15531142.04,1134360000.0,412315200.0
2006-04-28,'002038,Ë«ðØÒ©Òµ,13.6,13.8,12.23,12.47,12.6,1.0,7.9365,7.7056,2319091,30241972.06,1126080000.0,409305600.0
2006-04-27,'002038,Ë«ðØÒ©Òµ,12.6,12.88,12.4,12.85,12.93,-0.33,-2.5522,4.8094,1447445,18203595.16,1043280000.0,379209600.0
2006-04-26,'002038,Ë«ðØÒ©Òµ,12.93,13.02,11.7,11.82,11.84,1.09,9.2061,9.2804,2793022,35181921.38,1070604000.0,389141280.0
2006-04-25,'002038,Ë«ðØÒ©Òµ,11.84,12.08,11.68,11.78,11.78,0.06,0.5093,2.8669,862815,10233664.12,980352000.0,356336640.0
2006-04-24,'002038,Ë«ðØÒ©Òµ,11.78,12.6,11.73,12.45,12.45,-0.67,-5.3815,4.1957,1262733,15100884.26,975384000.0,354530880.0
2006-04-21,'002038,Ë«ðØÒ©Òµ,12.45,12.57,11.86,12.1,12.14,0.31,2.5535,3.8572,1160848,14233675.31,1030860000.0,374695200.0
2006-04-20,'002038,Ë«ðØÒ©Òµ,12.14,12.45,11.98,12.11,12.28,-0.14,-1.1401,2.8758,865501,10501045.08,1005192000.0,365365440.0
2006-04-19,'002038,Ë«ðØÒ©Òµ,12.28,12.55,11.83,11.93,11.82,0.46,3.8917,7.4632,2246132,27514849.25,1016784000.0,369578880.0
2006-04-18,'002038,Ë«ðØÒ©Òµ,11.82,12.56,11.78,12.15,12.08,-0.26,-2.1523,7.0226,2113517,25603831.3,978696000.0,355734720.0
2006-04-17,'002038,Ë«ðØÒ©Òµ,12.08,12.08,10.85,10.98,10.98,1.1,10.0182,12.5112,3765359,44540038.39,1000224000.0,363559680.0
2006-04-14,'002038,Ë«ðØÒ©Òµ,10.98,11.05,10.28,10.3,10.38,0.6,5.7803,4.1922,1261684,13380496.49,909144000.0,330454080.0
2006-04-13,'002038,Ë«ðØÒ©Òµ,10.38,10.99,10.36,10.75,10.82,-0.44,-4.0665,3.5955,1082111,11459460.15,859464000.0,312396480.0
2006-04-12,'002038,Ë«ðØÒ©Òµ,10.82,11.1,10.75,11.06,11.03,-0.21,-1.9039,2.5638,771591,8370793.26,895896000.0,325638720.0
2006-04-11,'002038,Ë«ðØÒ©Òµ,0.0,0.0,0.0,0.0,11.03,None,None,0.0,0,0.0,913284000.0,331958880.0
2006-04-10,'002038,Ë«ðØÒ©Òµ,11.03,11.27,10.62,10.62,10.6,0.43,4.0566,5.0838,1530012,16876712.95,913284000.0,331958880.0
2006-04-07,'002038,Ë«ðØÒ©Òµ,10.6,10.78,10.39,10.56,10.65,-0.05,-0.4695,3.3384,1004735,10599090.15,877680000.0,319017600.0
2006-04-06,'002038,Ë«ðØÒ©Òµ,10.65,10.98,10.51,10.71,10.77,-0.12,-1.1142,4.1686,1254592,13474271.4,881820000.0,320522400.0
2006-04-05,'002038,Ë«ðØÒ©Òµ,10.77,11.14,10.6,10.78,10.78,-0.01,-0.0928,3.5332,1063337,11513655.88,891756000.0,324133920.0
2006-04-04,'002038,Ë«ðØÒ©Òµ,10.78,10.92,10.64,10.9,10.79,-0.01,-0.0927,3.1005,933117,10056599.98,892584000.0,324434880.0
2006-04-03,'002038,Ë«ðØÒ©Òµ,10.79,10.9,10.25,10.25,10.25,0.54,5.2683,3.865,1163214,12442837.73,893412000.0,324735840.0
2006-03-31,'002038,Ë«ðØÒ©Òµ,10.25,10.35,9.93,10.01,10.0,0.25,2.5,2.464,741555,7534664.96,848700000.0,308484000.0
2006-03-30,'002038,Ë«ðØÒ©Òµ,10.0,10.27,9.93,10.19,10.18,-0.18,-1.7682,1.9088,574485,5816237.48,828000000.0,300960000.0
2006-03-29,'002038,Ë«ðØÒ©Òµ,10.18,10.47,10.18,10.3,10.38,-0.2,-1.9268,3.5573,1070617,11025594.45,842904000.0,306377280.0
2006-03-28,'002038,Ë«ðØÒ©Òµ,10.38,10.45,10.02,10.15,10.18,0.2,1.9646,4.2851,1289644,13267592.11,859464000.0,312396480.0
2006-03-27,'002038,Ë«ðØÒ©Òµ,10.18,10.23,9.92,10.04,10.05,0.13,1.2935,4.2655,1283756,13005874.52,842904000.0,306377280.0
2006-03-24,'002038,Ë«ðØÒ©Òµ,10.05,10.14,9.88,10.04,10.04,0.01,0.0996,4.4873,1350504,13538241.59,832140000.0,302464800.0
2006-03-23,'002038,Ë«ðØÒ©Òµ,10.04,10.14,9.66,9.7,9.7,0.34,3.5052,9.4182,2834506,28308386.49,831312000.0,302163840.0
2006-03-22,'002038,Ë«ðØÒ©Òµ,9.7,9.72,9.39,9.61,9.55,0.15,1.5707,3.6054,1085085,10379893.24,803160000.0,291931200.0
2006-03-21,'002038,Ë«ðØÒ©Òµ,9.55,9.65,9.22,9.22,9.2,0.35,3.8043,4.9767,1497792,14236389.93,790740000.0,287416800.0
2006-03-20,'002038,Ë«ðØÒ©Òµ,9.2,9.25,9.02,9.14,9.14,0.06,0.6565,2.9033,873786,8007744.96,761760000.0,276883200.0
2006-03-17,'002038,Ë«ðØÒ©Òµ,9.14,9.29,9.1,9.23,9.21,-0.07,-0.76,1.0342,311249,2856155.77,756792000.0,275077440.0
2006-03-16,'002038,Ë«ðØÒ©Òµ,9.21,9.4,9.18,9.4,9.39,-0.18,-1.9169,1.2131,365093,3379434.18,762588000.0,277184160.0
2006-03-15,'002038,Ë«ðØÒ©Òµ,9.39,9.41,9.16,9.16,9.16,0.23,2.5109,2.1771,655228,6072408.76,777492000.0,282601440.0
2006-03-14,'002038,Ë«ðØÒ©Òµ,9.16,9.17,8.98,9.08,9.0,0.16,1.7778,1.1175,336311,3061739.74,758448000.0,275679360.0
2006-03-13,'002038,Ë«ðØÒ©Òµ,9.0,9.24,9.0,9.1,9.05,-0.05,-0.5525,0.7956,239455,2168216.06,745200000.0,270864000.0
2006-03-10,'002038,Ë«ðØÒ©Òµ,9.05,9.15,8.98,8.99,8.88,0.17,1.9144,1.5846,476904,4316541.94,749340000.0,272368800.0
2006-03-09,'002038,Ë«ðØÒ©Òµ,8.88,9.19,8.8,9.09,9.13,-0.25,-2.7382,1.0386,312586,2809372.66,735264000.0,267252480.0
2006-03-08,'002038,Ë«ðØÒ©Òµ,9.13,9.2,8.94,9.2,9.21,-0.08,-0.8686,1.0118,304523,2760200.2,755964000.0,274776480.0
2006-03-07,'002038,Ë«ðØÒ©Òµ,9.21,9.3,9.12,9.26,9.31,-0.1,-1.0741,1.9616,590350,5422073.25,762588000.0,277184160.0
2006-03-06,'002038,Ë«ðØÒ©Òµ,9.31,9.39,9.23,9.32,9.3,0.01,0.1075,1.9656,591575,5510534.26,770868000.0,280193760.0
2006-03-03,'002038,Ë«ðØÒ©Òµ,9.3,9.37,9.07,9.08,9.15,0.15,1.6393,2.5344,762749,7061290.28,770040000.0,279892800.0
2006-03-02,'002038,Ë«ðØÒ©Òµ,9.15,9.31,9.1,9.25,9.23,-0.08,-0.8667,2.7591,830376,7630612.1,757620000.0,275378400.0
2006-03-01,'002038,Ë«ðØÒ©Òµ,9.23,9.24,9.06,9.17,9.08,0.15,1.652,2.2066,664100,6093580.79,764244000.0,277786080.0
2006-02-28,'002038,Ë«ðØÒ©Òµ,9.08,9.15,8.83,8.9,8.91,0.17,1.908,1.6174,486764,4379720.01,751824000.0,273271680.0
2006-02-27,'002038,Ë«ðØÒ©Òµ,8.91,9.09,8.9,9.0,9.02,-0.11,-1.2195,1.4071,423494,3786152.16,737748000.0,268155360.0
2006-02-24,'002038,Ë«ðØÒ©Òµ,9.02,9.12,8.86,8.86,8.86,0.16,1.8059,3.076,925750,8323730.75,746856000.0,271465920.0
2006-02-23,'002038,Ë«ðØÒ©Òµ,8.86,9.18,8.8,9.12,9.16,-0.3,-3.2751,2.5784,776010,6945705.09,733608000.0,266650560.0
2006-02-22,'002038,Ë«ðØÒ©Òµ,9.16,9.25,8.97,9.25,9.31,-0.15,-1.6112,3.0579,920299,8350164.23,758448000.0,275679360.0
2006-02-21,'002038,Ë«ðØÒ©Òµ,9.31,9.34,8.97,9.08,9.01,0.3,3.3296,1.1491,345831,3164888.79,770868000.0,280193760.0
2006-02-20,'002038,Ë«ðØÒ©Òµ,9.01,9.39,9.0,9.28,9.32,-0.31,-3.3262,1.9638,591038,5437510.82,746028000.0,271164960.0
2006-02-17,'002038,Ë«ðØÒ©Òµ,9.32,9.65,9.31,9.43,9.45,-0.13,-1.3757,1.272,382819,3613624.23,771696000.0,280494720.0
2006-02-16,'002038,Ë«ðØÒ©Òµ,9.45,9.85,9.44,9.85,9.88,-0.43,-4.3522,2.2771,685328,6560686.18,782460000.0,284407200.0
2006-02-15,'002038,Ë«ðØÒ©Òµ,9.88,10.15,9.85,10.07,9.98,-0.1,-1.002,2.705,814088,8122696.47,818064000.0,297348480.0
2006-02-14,'002038,Ë«ðØÒ©Òµ,9.98,10.06,9.73,9.73,9.71,0.27,2.7806,2.9897,899790,8919860.33,826344000.0,300358080.0
2006-02-13,'002038,Ë«ðØÒ©Òµ,9.71,9.86,9.65,9.8,9.77,-0.06,-0.6141,1.8119,545296,5318821.18,803988000.0,292232160.0
2006-02-10,'002038,Ë«ðØÒ©Òµ,9.77,9.8,9.61,9.7,9.65,0.12,1.2435,2.5182,757867,7354995.7,808956000.0,294037920.0
2006-02-09,'002038,Ë«ðØÒ©Òµ,9.65,9.66,9.43,9.45,9.44,0.21,2.2246,4.7268,1422567,13549761.53,799020000.0,290426400.0
2006-02-08,'002038,Ë«ðØÒ©Òµ,9.44,9.49,9.27,9.35,9.36,0.08,0.8547,2.0359,612719,5749939.55,781632000.0,284106240.0
2006-02-07,'002038,Ë«ðØÒ©Òµ,9.36,9.7,9.25,9.7,9.64,-0.28,-2.9046,3.8527,1159501,10909533.29,775008000.0,281698560.0
2006-02-06,'002038,Ë«ðØÒ©Òµ,9.64,9.73,9.55,9.61,9.5,0.14,1.4737,2.0309,611224,5891900.18,798192000.0,290125440.0
2006-01-25,'002038,Ë«ðØÒ©Òµ,9.5,9.6,9.39,9.56,9.59,-0.09,-0.9385,2.1853,657692,6241100.27,786600000.0,285912000.0
2006-01-24,'002038,Ë«ðØÒ©Òµ,9.59,9.69,9.5,9.6,9.56,0.03,0.3138,2.1673,652282,6250836.27,794052000.0,288620640.0
2006-01-23,'002038,Ë«ðØÒ©Òµ,9.56,9.77,9.5,9.77,9.77,-0.21,-2.1494,3.887,1169820,11176499.29,791568000.0,287717760.0
2006-01-20,'002038,Ë«ðØÒ©Òµ,9.77,10.1,9.71,10.0,10.1,-0.33,-3.2673,6.3639,1915294,18897353.88,808956000.0,294037920.0
2006-01-19,'002038,Ë«ðØÒ©Òµ,10.1,10.24,9.99,10.18,10.24,-0.14,-1.3672,3.5394,1065220,10735028.49,836280000.0,303969600.0
2006-01-18,'002038,Ë«ðØÒ©Òµ,10.24,10.28,10.02,10.15,10.15,0.09,0.8867,3.4029,1024146,10359275.75,847872000.0,308183040.0
2006-01-17,'002038,Ë«ðØÒ©Òµ,10.15,10.35,10.0,10.29,10.3,-0.15,-1.4563,2.6001,782533,7952748.55,840420000.0,305474400.0
2006-01-16,'002038,Ë«ðØÒ©Òµ,10.3,10.47,10.18,10.3,10.29,0.01,0.0972,3.5122,1057042,10925097.05,852840000.0,309988800.0
2006-01-13,'002038,Ë«ðØÒ©Òµ,10.29,10.4,10.15,10.33,10.31,-0.02,-0.194,2.4166,727314,7494391.71,852012000.0,309687840.0
2006-01-12,'002038,Ë«ðØÒ©Òµ,10.31,10.36,10.0,10.05,10.06,0.25,2.4851,2.5957,781190,8026457.09,853668000.0,310289760.0
2006-01-11,'002038,Ë«ðØÒ©Òµ,10.06,10.23,10.06,10.1,10.16,-0.1,-0.9843,2.3201,698270,7082700.83,832968000.0,302765760.0
2006-01-10,'002038,Ë«ðØÒ©Òµ,10.16,10.28,10.01,10.25,10.23,-0.07,-0.6843,2.6952,811162,8218663.26,841248000.0,305775360.0
2006-01-09,'002038,Ë«ðØÒ©Òµ,10.23,10.28,9.92,10.08,10.0,0.23,2.3,4.0092,1206599,12193866.76,847044000.0,307882080.0
2006-01-06,'002038,Ë«ðØÒ©Òµ,10.0,10.18,9.92,10.13,10.13,-0.13,-1.2833,2.394,720513,7212825.36,828000000.0,300960000.0
2006-01-05,'002038,Ë«ðØÒ©Òµ,10.13,10.13,9.87,9.92,9.9,0.23,2.3232,2.1265,639997,6440187.31,838764000.0,304872480.0
2006-01-04,'002038,Ë«ðØÒ©Òµ,9.9,10.18,9.8,9.87,9.89,0.01,0.1011,1.9722,593561,5894061.97,819720000.0,297950400.0
2005-12-30,'002038,Ë«ðØÒ©Òµ,9.89,10.27,9.89,10.26,10.2,-0.31,-3.0392,1.5279,459845,4602991.15,818892000.0,297649440.0
2005-12-29,'002038,Ë«ðØÒ©Òµ,10.2,10.22,10.1,10.18,10.18,0.02,0.1965,2.2108,665364,6748317.29,844560000.0,306979200.0
2005-12-28,'002038,Ë«ðØÒ©Òµ,10.18,10.2,9.9,9.9,9.99,0.19,1.9019,2.1744,654416,6611040.75,842904000.0,306377280.0
2005-12-27,'002038,Ë«ðØÒ©Òµ,9.99,9.99,9.8,9.93,9.95,0.04,0.402,1.193,359056,3551166.31,827172000.0,300659040.0
2005-12-26,'002038,Ë«ðØÒ©Òµ,9.95,10.0,9.7,9.8,9.8,0.15,1.5306,2.4273,730525,7229147.17,823860000.0,299455200.0
2005-12-23,'002038,Ë«ðØÒ©Òµ,9.8,9.8,9.6,9.75,9.75,0.05,0.5128,1.2233,368177,3578741.54,811440000.0,294940800.0
2005-12-22,'002038,Ë«ðØÒ©Òµ,9.75,9.76,9.43,9.58,9.5,0.25,2.6316,1.6643,500876,4818738.72,807300000.0,293436000.0
2005-12-21,'002038,Ë«ðØÒ©Òµ,9.5,9.77,9.49,9.73,9.7,-0.2,-2.0619,1.1507,346300,3321349.9,786600000.0,285912000.0
2005-12-20,'002038,Ë«ðØÒ©Òµ,9.7,9.83,9.6,9.83,9.78,-0.08,-0.818,1.1063,332958,3223503.34,803160000.0,291931200.0
2005-12-19,'002038,Ë«ðØÒ©Òµ,9.78,9.93,9.73,9.93,9.93,-0.15,-1.5106,1.1644,350443,3425659.3,809784000.0,294338880.0
2005-12-16,'002038,Ë«ðØÒ©Òµ,9.93,9.97,9.73,9.95,9.9,0.03,0.303,1.6104,484655,4778827.38,822204000.0,298853280.0
2005-12-15,'002038,Ë«ðØÒ©Òµ,9.9,10.06,9.85,10.0,10.0,-0.1,-1.0,1.8216,548240,5447120.16,819720000.0,297950400.0
2005-12-14,'002038,Ë«ðØÒ©Òµ,10.0,10.02,9.68,9.8,9.76,0.24,2.459,1.7552,528248,5227939.61,828000000.0,300960000.0
2005-12-13,'002038,Ë«ðØÒ©Òµ,9.76,9.8,9.56,9.7,9.71,0.05,0.5149,1.4259,429142,4149958.62,808128000.0,293736960.0
2005-12-12,'002038,Ë«ðØÒ©Òµ,9.71,9.78,9.59,9.68,9.63,0.08,0.8307,1.0461,314831,3053127.89,803988000.0,292232160.0
2005-12-09,'002038,Ë«ðØÒ©Òµ,9.63,9.8,9.28,9.31,9.35,0.28,2.9947,1.4333,431356,4117935.9,797364000.0,289824480.0
2005-12-08,'002038,Ë«ðØÒ©Òµ,9.35,9.6,9.31,9.52,9.47,-0.12,-1.2672,1.4228,428209,4031943.1,774180000.0,281397600.0
2005-12-07,'002038,Ë«ðØÒ©Òµ,9.47,9.51,9.29,9.38,9.4,0.07,0.7447,1.3493,406094,3818561.05,784116000.0,285009120.0
2005-12-06,'002038,Ë«ðØÒ©Òµ,9.4,9.6,9.36,9.43,9.43,-0.03,-0.3181,1.9854,597524,5654182.46,778320000.0,282902400.0
2005-12-05,'002038,Ë«ðØÒ©Òµ,9.43,9.9,9.42,9.9,10.01,-0.58,-5.7942,2.8896,869658,8435201.46,780804000.0,283805280.0
2005-12-02,'002038,Ë«ðØÒ©Òµ,10.01,10.21,9.91,10.2,10.3,-0.29,-2.8155,2.5551,768985,7735346.31,828828000.0,301260960.0
2005-12-01,'002038,Ë«ðØÒ©Òµ,10.3,10.55,10.18,10.54,10.59,-0.29,-2.7384,2.5983,781979,8072577.7,852840000.0,309988800.0
2005-11-30,'002038,G Ë«  ðØ,10.59,10.76,10.25,10.32,10.31,0.28,2.7158,4.427,1332339,13955204.78,876852000.0,318716640.0
2005-11-29,'002038,G Ë«  ðØ,10.31,10.49,10.28,10.31,10.3,0.01,0.0971,3.3875,1019495,10558830.29,853668000.0,310289760.0
2005-11-28,'002038,G Ë«  ðØ,10.3,10.51,10.2,10.5,10.46,-0.16,-1.5296,1.5063,453335,4699412.33,852840000.0,309988800.0
2005-11-25,'002038,G Ë«  ðØ,10.46,10.55,10.24,10.24,10.18,0.28,2.7505,3.117,938092,9779397.45,866088000.0,314804160.0
2005-11-24,'002038,G Ë«  ðØ,10.18,10.42,10.11,10.25,10.25,-0.07,-0.6829,1.7618,530241,5441368.0,842904000.0,306377280.0
2005-11-23,'002038,G Ë«  ðØ,10.25,10.48,10.01,10.01,10.1,0.15,1.4851,1.9764,594828,6126538.06,848700000.0,308484000.0
2005-11-22,'002038,G Ë«  ðØ,10.1,10.45,10.1,10.35,10.33,-0.23,-2.2265,1.9685,592433,6094960.65,836280000.0,303969600.0
2005-11-21,'002038,G Ë«  ðØ,10.33,10.6,10.28,10.45,10.39,-0.06,-0.5775,2.5456,766123,7980454.04,855324000.0,310891680.0
2005-11-18,'002038,G Ë«  ðØ,10.39,10.6,9.72,9.77,9.8,0.59,6.0204,3.6695,1104380,11332644.54,860292000.0,312697440.0
2005-11-17,'002038,G Ë«  ðØ,9.8,9.94,9.5,9.7,9.71,0.09,0.9269,2.0121,605565,5937572.8,811440000.0,294940800.0
2005-11-16,'002038,G Ë«  ðØ,9.71,9.99,9.62,9.93,10.0,-0.29,-2.9,5.4048,1626630,15834541.74,803988000.0,292232160.0
2005-11-15,'002038,G Ë«  ðØ,10.0,10.55,9.74,10.47,10.5,-0.5,-4.7619,6.2623,1884703,19132865.34,828000000.0,300960000.0
2005-11-14,'002038,G Ë«  ðØ,10.5,11.03,10.35,10.95,10.94,-0.44,-4.0219,6.1299,1844868,19526119.63,869400000.0,316008000.0
2005-11-11,'002038,G Ë«  ðØ,10.94,11.17,10.72,10.86,10.7,0.24,2.243,4.5408,1366596,14909025.79,905832000.0,329250240.0
2005-11-10,'002038,G Ë«  ðØ,10.7,11.04,10.5,10.5,10.62,0.08,0.7533,5.8515,1761079,18936371.76,885960000.0,322027200.0
2005-11-09,'002038,G Ë«  ðØ,10.62,11.0,9.85,9.85,12.65,-2.03,-16.0474,11.9492,3596240,37286390.61,879336000.0,319619520.0
2005-11-08,'002038,Ë«ðØÒ©Òµ,0.0,0.0,0.0,0.0,12.65,None,None,0.0,0,0.0,1047420000.0,288420000.0
2005-11-07,'002038,Ë«ðØÒ©Òµ,0.0,0.0,0.0,0.0,12.65,None,None,0.0,0,0.0,1047420000.0,288420000.0
2005-11-04,'002038,Ë«ðØÒ©Òµ,0.0,0.0,0.0,0.0,12.65,None,None,0.0,0,0.0,1047420000.0,288420000.0
2005-11-03,'002038,Ë«ðØÒ©Òµ,0.0,0.0,0.0,0.0,12.65,None,None,0.0,0,0.0,1047420000.0,288420000.0
2005-11-02,'002038,Ë«ðØÒ©Òµ,0.0,0.0,0.0,0.0,12.65,None,None,0.0,0,0.0,1047420000.0,288420000.0
2005-11-01,'002038,Ë«ðØÒ©Òµ,0.0,0.0,0.0,0.0,12.65,None,None,0.0,0,0.0,1047420000.0,288420000.0
2005-10-31,'002038,Ë«ðØÒ©Òµ,0.0,0.0,0.0,0.0,12.65,None,None,0.0,0,0.0,1047420000.0,288420000.0
2005-10-28,'002038,Ë«ðØÒ©Òµ,0.0,0.0,0.0,0.0,12.65,None,None,0.0,0,0.0,1047420000.0,288420000.0
2005-10-27,'002038,Ë«ðØÒ©Òµ,0.0,0.0,0.0,0.0,12.65,None,None,0.0,0,0.0,1047420000.0,288420000.0
2005-10-26,'002038,Ë«ðØÒ©Òµ,0.0,0.0,0.0,0.0,12.65,None,None,0.0,0,0.0,1047420000.0,288420000.0
2005-10-25,'002038,Ë«ðØÒ©Òµ,0.0,0.0,0.0,0.0,12.65,None,None,0.0,0,0.0,1047420000.0,288420000.0
2005-10-24,'002038,Ë«ðØÒ©Òµ,0.0,0.0,0.0,0.0,12.65,None,None,0.0,0,0.0,1047420000.0,288420000.0
2005-10-21,'002038,Ë«ðØÒ©Òµ,12.65,13.1,12.55,12.76,12.76,-0.11,-0.8621,3.2205,734263,9362959.51,1047420000.0,288420000.0
2005-10-20,'002038,Ë«ðØÒ©Òµ,12.76,13.2,12.32,12.5,12.62,0.14,1.1094,3.8265,872443,11216437.41,1056528000.0,290928000.0
2005-10-19,'002038,Ë«ðØÒ©Òµ,12.62,12.95,12.3,12.38,12.36,0.26,2.1036,5.2327,1193056,15198127.46,1044936000.0,287736000.0
2005-10-18,'002038,Ë«ðØÒ©Òµ,12.36,12.4,11.6,11.6,11.74,0.62,5.2811,7.7373,1764114,21446132.78,1023408000.0,281808000.0
2005-10-17,'002038,Ë«ðØÒ©Òµ,11.74,12.08,11.3,11.45,11.2,0.54,4.8214,10.7166,2443390,28713277.73,972072000.0,267672000.0
2005-10-14,'002038,Ë«ðØÒ©Òµ,0.0,0.0,0.0,0.0,11.2,None,None,0.0,0,0.0,927360000.0,255360000.0
2005-10-13,'002038,Ë«ðØÒ©Òµ,0.0,0.0,0.0,0.0,11.2,None,None,0.0,0,0.0,927360000.0,255360000.0
2005-10-12,'002038,Ë«ðØÒ©Òµ,0.0,0.0,0.0,0.0,11.2,None,None,0.0,0,0.0,927360000.0,255360000.0
2005-10-11,'002038,Ë«ðØÒ©Òµ,0.0,0.0,0.0,0.0,11.2,None,None,0.0,0,0.0,927360000.0,255360000.0
2005-10-10,'002038,Ë«ðØÒ©Òµ,0.0,0.0,0.0,0.0,11.2,None,None,0.0,0,0.0,927360000.0,255360000.0
2005-09-30,'002038,Ë«ðØÒ©Òµ,0.0,0.0,0.0,0.0,11.2,None,None,0.0,0,0.0,927360000.0,255360000.0
2005-09-29,'002038,Ë«ðØÒ©Òµ,0.0,0.0,0.0,0.0,11.2,None,None,0.0,0,0.0,927360000.0,255360000.0
2005-09-28,'002038,Ë«ðØÒ©Òµ,0.0,0.0,0.0,0.0,11.2,None,None,0.0,0,0.0,927360000.0,255360000.0
2005-09-27,'002038,Ë«ðØÒ©Òµ,0.0,0.0,0.0,0.0,11.2,None,None,0.0,0,0.0,927360000.0,255360000.0
2005-09-26,'002038,Ë«ðØÒ©Òµ,0.0,0.0,0.0,0.0,11.2,None,None,0.0,0,0.0,927360000.0,255360000.0
2005-09-23,'002038,Ë«ðØÒ©Òµ,0.0,0.0,0.0,0.0,11.2,None,None,0.0,0,0.0,927360000.0,255360000.0
2005-09-22,'002038,Ë«ðØÒ©Òµ,0.0,0.0,0.0,0.0,11.2,None,None,0.0,0,0.0,927360000.0,255360000.0
2005-09-21,'002038,Ë«ðØÒ©Òµ,0.0,0.0,0.0,0.0,11.2,None,None,0.0,0,0.0,927360000.0,255360000.0
2005-09-20,'002038,Ë«ðØÒ©Òµ,0.0,0.0,0.0,0.0,11.2,None,None,0.0,0,0.0,927360000.0,255360000.0
2005-09-19,'002038,Ë«ðØÒ©Òµ,0.0,0.0,0.0,0.0,11.2,None,None,0.0,0,0.0,927360000.0,255360000.0
2005-09-16,'002038,Ë«ðØÒ©Òµ,11.2,11.57,11.2,11.57,11.38,-0.18,-1.5817,2.2494,512856,5826884.29,927360000.0,255360000.0
2005-09-15,'002038,Ë«ðØÒ©Òµ,11.38,11.67,11.3,11.67,11.26,0.12,1.0657,2.1808,497228,5681848.64,942264000.0,259464000.0
2005-09-14,'002038,Ë«ðØÒ©Òµ,11.26,11.47,11.18,11.47,11.46,-0.2,-1.7452,3.3074,754094,8491189.57,932328000.0,256728000.0
2005-09-13,'002038,Ë«ðØÒ©Òµ,11.46,11.59,11.26,11.35,11.35,0.11,0.9692,1.9619,447308,5084008.72,948888000.0,261288000.0
2005-09-12,'002038,Ë«ðØÒ©Òµ,11.35,11.68,11.31,11.59,11.64,-0.29,-2.4914,1.805,411548,4682782.46,939780000.0,258780000.0
2005-09-09,'002038,Ë«ðØÒ©Òµ,11.64,11.72,11.4,11.64,11.54,0.1,0.8666,2.6674,608160,7033368.35,963792000.0,265392000.0
2005-09-08,'002038,Ë«ðØÒ©Òµ,11.54,11.78,11.38,11.49,11.43,0.11,0.9624,3.1136,709904,8237623.63,955512000.0,263112000.0
2005-09-07,'002038,Ë«ðØÒ©Òµ,11.43,11.48,10.8,10.83,10.91,0.52,4.7663,2.2623,515800,5777341.7,946404000.0,260604000.0
2005-09-06,'002038,Ë«ðØÒ©Òµ,10.91,11.52,10.88,11.52,11.44,-0.53,-4.6329,2.5378,578620,6481946.25,903348000.0,248748000.0
2005-09-05,'002038,Ë«ðØÒ©Òµ,11.44,11.63,11.16,11.39,11.34,0.1,0.8818,2.0056,457280,5187100.8,947232000.0,260832000.0
2005-09-02,'002038,Ë«ðØÒ©Òµ,11.34,11.5,11.17,11.18,11.17,0.17,1.5219,4.2726,974144,11081614.94,938952000.0,258552000.0
2005-09-01,'002038,Ë«ðØÒ©Òµ,11.17,11.2,10.85,10.92,10.92,0.25,2.2894,3.565,812825,8952983.33,924876000.0,254676000.0
2005-08-31,'002038,Ë«ðØÒ©Òµ,10.92,10.93,10.33,10.34,10.45,0.47,4.4976,3.2494,740869,7969879.54,904176000.0,248976000.0
2005-08-30,'002038,Ë«ðØÒ©Òµ,10.45,10.73,10.38,10.59,10.63,-0.18,-1.6933,1.1355,258894,2745931.42,865260000.0,238260000.0
2005-08-29,'002038,Ë«ðØÒ©Òµ,10.63,10.7,10.51,10.68,10.72,-0.09,-0.8396,2.1013,479100,5072478.49,880164000.0,242364000.0
2005-08-26,'002038,Ë«ðØÒ©Òµ,10.72,10.84,10.45,10.5,10.52,0.2,1.9011,2.9647,675962,7241637.89,887616000.0,244416000.0
2005-08-25,'002038,Ë«ðØÒ©Òµ,10.52,10.55,10.33,10.5,10.49,0.03,0.286,1.929,439820,4586951.32,871056000.0,239856000.0
2005-08-24,'002038,Ë«ðØÒ©Òµ,10.49,10.55,10.13,10.13,10.13,0.36,3.5538,3.0609,697890,7251069.6,868572000.0,239172000.0
2005-08-23,'002038,Ë«ðØÒ©Òµ,10.13,10.18,9.88,10.18,10.15,-0.02,-0.197,1.6304,371729,3726970.05,838764000.0,230964000.0
2005-08-22,'002038,Ë«ðØÒ©Òµ,10.15,10.28,9.98,10.1,10.08,0.07,0.6944,1.3269,302530,3052603.52,840420000.0,231420000.0
2005-08-19,'002038,Ë«ðØÒ©Òµ,10.08,10.35,9.89,10.08,10.12,-0.04,-0.3953,2.9441,671257,6773780.15,834624000.0,229824000.0
2005-08-18,'002038,Ë«ðØÒ©Òµ,10.12,11.2,10.1,10.99,10.84,-0.72,-6.6421,6.3731,1453058,15747613.27,837936000.0,230736000.0
2005-08-17,'002038,Ë«ðØÒ©Òµ,10.84,10.94,10.35,10.39,10.43,0.41,3.931,3.3961,774311,8300790.71,897552000.0,247152000.0
2005-08-16,'002038,Ë«ðØÒ©Òµ,10.43,10.78,10.37,10.75,10.7,-0.27,-2.5234,2.72,620169,6558699.96,863604000.0,237804000.0
2005-08-15,'002038,Ë«ðØÒ©Òµ,10.7,10.7,10.11,10.11,10.06,0.64,6.3618,5.6925,1297892,13680341.43,885960000.0,243960000.0
2005-08-12,'002038,Ë«ðØÒ©Òµ,10.06,10.38,9.93,10.38,10.01,0.05,0.4995,2.4653,562079,5728900.05,832968000.0,229368000.0
2005-08-11,'002038,Ë«ðØÒ©Òµ,10.01,10.14,9.83,10.1,10.11,-0.1,-0.9891,2.7034,616378,6154717.87,828828000.0,228228000.0
2005-08-10,'002038,Ë«ðØÒ©Òµ,10.11,10.2,9.74,10.1,10.1,0.01,0.099,3.7199,848146,8440943.1,837108000.0,230508000.0
2005-08-09,'002038,Ë«ðØÒ©Òµ,10.1,10.29,9.91,10.0,10.07,0.03,0.2979,2.0464,466584,4716786.78,836280000.0,230280000.0
2005-08-08,'002038,Ë«ðØÒ©Òµ,10.07,10.45,10.0,10.32,9.92,0.15,1.5121,4.5717,1042357,10638604.2,833796000.0,229596000.0
2005-08-05,'002038,Ë«ðØÒ©Òµ,9.92,9.96,9.26,9.26,9.25,0.67,7.2432,4.143,944603,9232724.28,821376000.0,226176000.0
2005-08-04,'002038,Ë«ðØÒ©Òµ,9.25,9.46,9.11,9.17,9.2,0.05,0.5435,1.448,330140,3063883.1,765900000.0,210900000.0
2005-08-03,'002038,Ë«ðØÒ©Òµ,9.2,9.27,9.07,9.19,9.1,0.1,1.0989,1.4457,329609,3027663.9,761760000.0,209760000.0
2005-08-02,'002038,Ë«ðØÒ©Òµ,9.1,9.1,8.9,9.0,8.99,0.11,1.2236,0.7798,177799,1601312.6,753480000.0,207480000.0
2005-08-01,'002038,Ë«ðØÒ©Òµ,8.99,9.06,8.81,8.81,8.95,0.04,0.4469,0.443,101010,904669.2,744372000.0,204972000.0
2005-07-29,'002038,Ë«ðØÒ©Òµ,8.95,9.15,8.9,9.15,9.17,-0.22,-2.3991,0.6829,155698,1401024.7,741060000.0,204060000.0
2005-07-28,'002038,Ë«ðØÒ©Òµ,9.17,9.2,8.96,9.05,9.02,0.15,1.663,2.2245,507192,4617130.93,759276000.0,209076000.0
2005-07-27,'002038,Ë«ðØÒ©Òµ,9.02,9.03,8.8,8.8,8.85,0.17,1.9209,1.2534,285786,2543996.46,746856000.0,205656000.0
2005-07-26,'002038,Ë«ðØÒ©Òµ,8.85,8.9,8.6,8.68,8.7,0.15,1.7241,0.9913,226019,1994718.46,732780000.0,201780000.0
2005-07-25,'002038,Ë«ðØÒ©Òµ,8.7,8.73,8.61,8.61,8.83,-0.13,-1.4723,0.9879,225230,1950486.6,720360000.0,198360000.0
2005-07-22,'002038,Ë«ðØÒ©Òµ,8.83,8.95,8.49,8.57,8.5,0.33,3.8824,1.7695,403449,3516205.75,731124000.0,201324000.0
2005-07-21,'002038,Ë«ðØÒ©Òµ,8.5,8.59,8.4,8.59,8.58,-0.08,-0.9324,0.6215,141698,1201006.54,703800000.0,193800000.0
2005-07-20,'002038,Ë«ðØÒ©Òµ,8.58,8.59,8.4,8.4,8.48,0.1,1.1792,0.586,133599,1137341.53,710424000.0,195624000.0
2005-07-19,'002038,Ë«ðØÒ©Òµ,8.48,8.49,8.31,8.35,8.35,0.13,1.5569,0.4242,96719,813966.56,702144000.0,193344000.0
2005-07-18,'002038,Ë«ðØÒ©Òµ,8.35,8.46,8.22,8.36,8.49,-0.14,-1.649,1.0126,230883,1916418.21,691380000.0,190380000.0
2005-07-15,'002038,Ë«ðØÒ©Òµ,8.49,8.85,8.41,8.75,8.65,-0.16,-1.8497,1.3963,318350,2718613.4,702972000.0,193572000.0
2005-07-14,'002038,Ë«ðØÒ©Òµ,8.65,8.65,8.29,8.3,8.33,0.32,3.8415,2.4408,556497,4757129.93,716220000.0,197220000.0
2005-07-13,'002038,Ë«ðØÒ©Òµ,8.33,8.41,8.2,8.4,8.42,-0.09,-1.0689,0.8931,203635,1695550.77,689724000.0,189924000.0
2005-07-12,'002038,Ë«ðØÒ©Òµ,8.42,8.45,7.99,7.99,7.98,0.44,5.5138,1.1141,254015,2109923.33,697176000.0,191976000.0
2005-07-11,'002038,Ë«ðØÒ©Òµ,7.98,8.35,7.96,8.01,7.91,0.07,0.885,0.7113,162185,1322951.71,660744000.0,181944000.0
2005-07-08,'002038,Ë«ðØÒ©Òµ,7.91,8.35,7.88,8.35,8.35,-0.44,-5.2695,1.0156,231549,1852411.72,654948000.0,180348000.0
2005-07-07,'002038,Ë«ðØÒ©Òµ,8.35,8.4,8.23,8.28,8.28,0.07,0.8454,0.4684,106790,886665.4,691380000.0,190380000.0
2005-07-06,'002038,Ë«ðØÒ©Òµ,8.28,8.52,8.23,8.48,8.35,-0.07,-0.8383,0.5782,131840,1099259.0,685584000.0,188784000.0
2005-07-05,'002038,Ë«ðØÒ©Òµ,8.35,8.56,8.25,8.35,8.4,-0.05,-0.5952,1.0108,230454,1937576.28,691380000.0,190380000.0
2005-07-04,'002038,Ë«ðØÒ©Òµ,8.4,8.43,8.22,8.22,8.38,0.02,0.2387,0.8597,196016,1624112.66,695520000.0,191520000.0
2005-07-01,'002038,Ë«ðØÒ©Òµ,8.38,8.78,8.3,8.7,8.72,-0.34,-3.8991,2.1472,489551,4146457.9,693864000.0,191064000.0
2005-06-30,'002038,Ë«ðØÒ©Òµ,8.72,9.15,8.72,9.08,9.08,-0.36,-3.9648,1.587,361847,3209444.21,722016000.0,198816000.0
2005-06-29,'002038,Ë«ðØÒ©Òµ,9.08,9.41,9.01,9.4,9.34,-0.26,-2.7837,2.1725,495340,4565875.74,751824000.0,207024000.0
2005-06-28,'002038,Ë«ðØÒ©Òµ,9.34,9.45,9.22,9.45,9.57,-0.23,-2.4033,2.0823,474753,4427326.66,773352000.0,212952000.0
2005-06-27,'002038,Ë«ðØÒ©Òµ,9.57,9.82,9.15,9.15,9.06,0.51,5.6291,5.7849,1318949,12592817.28,792396000.0,218196000.0
2005-06-24,'002038,Ë«ðØÒ©Òµ,9.06,9.1,8.88,8.88,8.88,0.18,2.027,1.2354,281680,2535507.4,750168000.0,206568000.0
2005-06-23,'002038,Ë«ðØÒ©Òµ,8.88,9.46,8.88,9.3,9.38,-0.5,-5.3305,2.8308,645424,5933690.16,735264000.0,202464000.0
2005-06-22,'002038,Ë«ðØÒ©Òµ,9.38,9.44,9.01,9.05,9.21,0.17,1.8458,2.9386,670006,6200375.21,776664000.0,213864000.0
2005-06-21,'002038,Ë«ðØÒ©Òµ,9.21,9.34,8.85,9.05,9.05,0.16,1.768,4.9064,1118648,10188386.63,762588000.0,209988000.0
2005-06-20,'002038,Ë«ðØÒ©Òµ,9.05,9.05,8.38,8.39,8.38,0.67,7.9952,4.0903,932586,8253672.19,749340000.0,206340000.0
2005-06-17,'002038,Ë«ðØÒ©Òµ,8.38,8.63,8.36,8.63,8.58,-0.2,-2.331,0.9591,218685,1853352.65,693864000.0,191064000.0
2005-06-16,'002038,Ë«ðØÒ©Òµ,8.58,8.67,8.16,8.34,8.28,0.3,3.6232,1.6073,366470,3095940.7,710424000.0,195624000.0
2005-06-15,'002038,Ë«ðØÒ©Òµ,8.28,8.38,8.15,8.32,8.36,-0.08,-0.9569,1.0274,234252,1934617.64,685584000.0,188784000.0
2005-06-14,'002038,Ë«ðØÒ©Òµ,8.36,8.87,8.32,8.69,8.79,-0.43,-4.8919,3.0748,701056,5966811.9,692208000.0,190608000.0
2005-06-13,'002038,Ë«ðØÒ©Òµ,8.79,8.94,8.58,8.75,8.9,-0.11,-1.236,2.5537,582247,5071783.51,727812000.0,200412000.0
2005-06-10,'002038,Ë«ðØÒ©Òµ,8.9,8.99,8.6,8.9,9.0,-0.1,-1.1111,2.4172,551119,4845808.69,736920000.0,202920000.0
2005-06-09,'002038,Ë«ðØÒ©Òµ,9.0,9.2,8.43,8.64,8.69,0.31,3.5673,4.4524,1015136,9080284.56,745200000.0,205200000.0
2005-06-08,'002038,Ë«ðØÒ©Òµ,8.69,8.72,7.9,7.9,7.98,0.71,8.8972,2.4121,549954,4649194.42,719532000.0,198132000.0
2005-06-07,'002038,Ë«ðØÒ©Òµ,7.98,8.18,7.98,8.13,8.07,-0.09,-1.1152,0.8986,204880,1655054.3,660744000.0,181944000.0
2005-06-06,'002038,Ë«ðØÒ©Òµ,8.07,8.09,7.7,7.8,7.75,0.32,4.129,0.793,180797,1422517.92,668196000.0,183996000.0
2005-06-03,'002038,Ë«ðØÒ©Òµ,7.75,7.92,7.65,7.7,7.75,0.0,0.0,0.8022,182900,1420951.55,641700000.0,176700000.0
2005-06-02,'002038,Ë«ðØÒ©Òµ,7.75,7.8,7.59,7.72,7.7,0.05,0.6494,1.1711,267012,2056545.63,641700000.0,176700000.0
2005-06-01,'002038,Ë«ðØÒ©Òµ,7.7,8.02,7.69,8.02,8.02,-0.32,-3.99,1.3282,302825,2356948.25,637560000.0,175560000.0
2005-05-31,'002038,Ë«ðØÒ©Òµ,8.02,8.16,8.0,8.15,8.11,-0.09,-1.1097,0.5711,130200,1048961.4,664056000.0,182856000.0
2005-05-30,'002038,Ë«ðØÒ©Òµ,8.11,8.14,8.0,8.01,8.08,0.03,0.3713,0.8291,189040,1525194.7,671508000.0,184908000.0
2005-05-27,'002038,Ë«ðØÒ©Òµ,8.08,8.5,8.06,8.32,8.43,-0.35,-4.1518,1.0192,232381,1918322.85,669024000.0,184224000.0
2005-05-26,'002038,Ë«ðØÒ©Òµ,8.43,8.82,8.43,8.8,8.86,-0.43,-4.8533,0.8879,202440,1732818.89,698004000.0,192204000.0
2005-05-25,'002038,Ë«ðØÒ©Òµ,8.86,8.9,8.74,8.88,8.87,-0.01,-0.1127,0.9132,208209,1839072.22,733608000.0,202008000.0
2005-05-24,'002038,Ë«ðØÒ©Òµ,8.87,8.99,8.63,8.63,8.65,0.22,2.5434,0.7138,162755,1442348.72,734436000.0,202236000.0
2005-05-23,'002038,Ë«ðØÒ©Òµ,8.65,8.75,8.61,8.71,8.77,-0.12,-1.3683,0.9532,217340,1880469.2,716220000.0,197220000.0
2005-05-20,'002038,Ë«ðØÒ©Òµ,8.77,8.87,8.74,8.87,8.86,-0.09,-1.0158,0.5323,121361,1070565.92,726156000.0,199956000.0
2005-05-19,'002038,Ë«ðØÒ©Òµ,8.86,8.98,8.72,8.96,8.96,-0.1,-1.1161,1.2109,276078,2436004.34,733608000.0,202008000.0
2005-05-18,'002038,Ë«ðØÒ©Òµ,8.96,9.05,8.88,8.93,8.93,0.03,0.3359,0.6054,138026,1238116.48,741888000.0,204288000.0
2005-05-17,'002038,Ë«ðØÒ©Òµ,8.93,9.08,8.88,8.96,8.95,-0.02,-0.2235,1.2482,284580,2550332.67,739404000.0,203604000.0
2005-05-16,'002038,Ë«ðØÒ©Òµ,8.95,9.01,8.76,8.85,8.93,0.02,0.224,1.4638,333750,2986711.7,741060000.0,204060000.0
2005-05-13,'002038,Ë«ðØÒ©Òµ,8.93,9.13,8.75,8.78,8.8,0.13,1.4773,1.3499,307768,2744650.59,739404000.0,203604000.0
2005-05-12,'002038,Ë«ðØÒ©Òµ,8.8,9.08,8.7,8.71,8.7,0.1,1.1494,1.7376,396183,3527273.59,728640000.0,200640000.0
2005-05-11,'002038,Ë«ðØÒ©Òµ,8.7,9.03,8.6,8.63,8.6,0.1,1.1628,2.3491,535598,4736387.43,720360000.0,198360000.0
2005-05-10,'002038,Ë«ðØÒ©Òµ,8.6,8.75,8.4,8.7,8.7,-0.1,-1.1494,1.5909,362723,3105626.6,712080000.0,196080000.0
2005-05-09,'002038,Ë«ðØÒ©Òµ,8.7,9.49,8.64,9.31,9.6,-0.9,-9.375,3.1508,718387,6352011.92,720360000.0,198360000.0
2005-04-29,'002038,Ë«ðØÒ©Òµ,9.6,9.95,9.5,9.9,10.09,-0.49,-4.8563,3.0581,697240,6739172.3,794880000.0,218880000.0
2005-04-28,'002038,Ë«ðØÒ©Òµ,10.09,10.38,9.3,10.15,10.19,-0.1,-0.9814,4.5734,1042735,10298740.89,835452000.0,230052000.0
2005-04-27,'002038,Ë«ðØÒ©Òµ,10.19,10.65,10.18,10.4,10.4,-0.21,-2.0192,1.4389,328068,3429927.54,843732000.0,232332000.0
2005-04-26,'002038,Ë«ðØÒ©Òµ,10.4,10.5,10.15,10.26,10.31,0.09,0.8729,1.5005,342115,3558435.47,861120000.0,237120000.0
2005-04-25,'002038,Ë«ðØÒ©Òµ,10.31,10.31,10.02,10.1,10.14,0.17,1.6765,1.5875,361942,3685017.82,853668000.0,235068000.0
2005-04-22,'002038,Ë«ðØÒ©Òµ,10.14,10.4,10.02,10.25,10.34,-0.2,-1.9342,2.7644,630273,6416484.57,839592000.0,231192000.0
2005-04-21,'002038,Ë«ðØÒ©Òµ,10.34,10.62,10.16,10.4,10.43,-0.09,-0.8629,2.3417,533898,5510129.04,856152000.0,235752000.0
2005-04-20,'002038,Ë«ðØÒ©Òµ,10.43,10.8,10.43,10.68,10.8,-0.37,-3.4259,3.2104,731977,7736699.37,863604000.0,237804000.0
2005-04-19,'002038,Ë«ðØÒ©Òµ,10.8,11.22,10.43,10.8,10.85,-0.05,-0.4608,4.5516,1037754,11155794.69,894240000.0,246240000.0
2005-04-18,'002038,Ë«ðØÒ©Òµ,13.22,13.3,12.92,13.01,13.03,0.19,1.4582,7.193,1366669,17966203.42,912180000.0,251180000.0
2005-04-15,'002038,Ë«ðØÒ©Òµ,13.03,13.15,12.77,12.8,12.9,0.13,1.0078,5.0202,953834,12406934.31,899070000.0,247570000.0
2005-04-14,'002038,Ë«ðØÒ©Òµ,12.9,13.26,12.53,12.58,12.58,0.32,2.5437,10.8315,2057986,26742079.58,890100000.0,245100000.0
2005-04-13,'002038,Ë«ðØÒ©Òµ,12.58,12.7,12.16,12.16,12.09,0.49,4.0529,2.9864,567408,7099778.79,868020000.0,239020000.0
2005-04-12,'002038,Ë«ðØÒ©Òµ,12.09,12.3,12.0,12.28,12.29,-0.2,-1.6273,2.1232,403402,4908842.43,834210000.0,229710000.0
2005-04-11,'002038,Ë«ðØÒ©Òµ,12.29,12.48,12.05,12.12,12.16,0.13,1.0691,2.3803,452260,5529695.18,848010000.0,233510000.0
2005-04-08,'002038,Ë«ðØÒ©Òµ,12.16,12.18,11.83,11.96,11.9,0.26,2.1849,1.4887,282849,3405613.17,839040000.0,231040000.0
2005-04-07,'002038,Ë«ðØÒ©Òµ,11.9,12.16,11.69,11.86,11.79,0.11,0.933,2.7878,529689,6363593.12,821100000.0,226100000.0
2005-04-06,'002038,Ë«ðØÒ©Òµ,11.79,11.82,11.31,11.45,11.45,0.34,2.9694,1.583,300777,3494396.71,813510000.0,224010000.0
2005-04-05,'002038,Ë«ðØÒ©Òµ,11.45,11.59,11.42,11.5,11.52,-0.07,-0.6076,0.8603,163460,1879376.21,790050000.0,217550000.0
2005-04-04,'002038,Ë«ðØÒ©Òµ,11.52,11.7,11.21,11.41,11.65,-0.13,-1.1159,1.3009,247170,2835268.37,794880000.0,218880000.0
2005-04-01,'002038,Ë«ðØÒ©Òµ,11.65,11.79,11.0,11.11,11.15,0.5,4.4843,1.5867,301476,3438504.73,803850000.0,221350000.0
2005-03-31,'002038,Ë«ðØÒ©Òµ,11.15,11.16,10.95,11.0,11.04,0.11,0.9964,1.2718,241642,2672217.61,769350000.0,211850000.0
2005-03-30,'002038,Ë«ðØÒ©Òµ,11.04,11.73,11.03,11.73,11.83,-0.79,-6.6779,2.3557,447591,5023879.98,761760000.0,209760000.0
2005-03-29,'002038,Ë«ðØÒ©Òµ,0.0,0.0,0.0,0.0,11.83,None,None,0.0,0,0.0,816270000.0,224770000.0
2005-03-28,'002038,Ë«ðØÒ©Òµ,11.83,11.99,11.57,11.99,11.96,-0.13,-1.087,1.2152,230895,2701220.93,816270000.0,224770000.0
2005-03-25,'002038,Ë«ðØÒ©Òµ,11.96,12.17,11.89,12.13,12.1,-0.14,-1.157,1.9864,377416,4541978.93,825240000.0,227240000.0
2005-03-24,'002038,Ë«ðØÒ©Òµ,12.1,12.1,11.7,11.8,11.8,0.3,2.5424,2.4076,457450,5434585.7,834900000.0,229900000.0
2005-03-23,'002038,Ë«ðØÒ©Òµ,11.8,12.1,11.48,11.5,11.57,0.23,1.9879,2.1999,417972,4940684.39,814200000.0,224200000.0
2005-03-22,'002038,Ë«ðØÒ©Òµ,11.57,11.97,11.5,11.86,11.9,-0.33,-2.7731,2.5315,480988,5631516.68,798330000.0,219830000.0
2005-03-21,'002038,Ë«ðØÒ©Òµ,11.9,12.0,11.62,11.62,11.69,0.21,1.7964,2.1945,416954,4908846.42,821100000.0,226100000.0
2005-03-18,'002038,Ë«ðØÒ©Òµ,11.69,12.19,11.68,12.11,12.2,-0.51,-4.1803,2.3651,449376,5386067.0,806610000.0,222110000.0
2005-03-17,'002038,Ë«ðØÒ©Òµ,12.2,12.44,12.12,12.35,12.36,-0.16,-1.2945,1.2633,240020,2938228.08,841800000.0,231800000.0
2005-03-16,'002038,Ë«ðØÒ©Òµ,12.36,12.82,12.31,12.8,12.83,-0.47,-3.6633,1.8916,359409,4490672.42,852840000.0,234840000.0
2005-03-15,'002038,Ë«ðØÒ©Òµ,12.83,13.03,12.69,12.85,12.79,0.04,0.3127,3.1665,601636,7746711.37,885270000.0,243770000.0
2005-03-14,'002038,Ë«ðØÒ©Òµ,12.79,13.0,12.46,12.8,12.86,-0.07,-0.5443,2.7976,531539,6783041.21,882510000.0,243010000.0
2005-03-11,'002038,Ë«ðØÒ©Òµ,12.86,12.9,12.42,12.5,12.46,0.4,3.2103,2.2268,423095,5363999.19,887340000.0,244340000.0
2005-03-10,'002038,Ë«ðØÒ©Òµ,12.46,12.98,12.41,12.85,12.79,-0.33,-2.5801,2.7523,522943,6649441.81,859740000.0,236740000.0
2005-03-09,'002038,Ë«ðØÒ©Òµ,12.79,13.0,12.72,12.99,12.92,-0.13,-1.0062,2.5866,491450,6321798.78,882510000.0,243010000.0
2005-03-08,'002038,Ë«ðØÒ©Òµ,12.92,12.98,12.35,12.47,12.35,0.57,4.6154,4.2469,806909,10306248.36,891480000.0,245480000.0
2005-03-07,'002038,Ë«ðØÒ©Òµ,12.35,12.6,12.29,12.51,12.4,-0.05,-0.4032,1.3814,262462,3245437.14,852150000.0,234650000.0
2005-03-04,'002038,Ë«ðØÒ©Òµ,12.4,12.6,12.4,12.6,12.53,-0.13,-1.0375,1.1593,220262,2749309.67,855600000.0,235600000.0
2005-03-03,'002038,Ë«ðØÒ©Òµ,12.53,12.54,12.26,12.54,12.41,0.12,0.967,1.5497,294438,3650483.33,864570000.0,238070000.0
2005-03-02,'002038,Ë«ðØÒ©Òµ,12.41,12.8,12.36,12.65,12.52,-0.11,-0.8786,3.6324,690150,8636669.2,856290000.0,235790000.0
2005-03-01,'002038,Ë«ðØÒ©Òµ,12.52,12.79,12.38,12.61,12.65,-0.13,-1.0277,3.7065,704238,8786791.12,863880000.0,237880000.0
2005-02-28,'002038,Ë«ðØÒ©Òµ,12.65,13.03,12.63,12.87,12.91,-0.26,-2.0139,4.8137,914601,11732106.79,872850000.0,240350000.0
2005-02-25,'002038,Ë«ðØÒ©Òµ,12.91,13.2,12.78,13.2,13.15,-0.24,-1.8251,7.0944,1347938,17454623.96,890790000.0,245290000.0
2005-02-24,'002038,Ë«ðØÒ©Òµ,13.15,13.38,12.6,12.68,12.68,0.47,3.7066,5.5118,1047242,13703497.85,907350000.0,249850000.0
2005-02-23,'002038,Ë«ðØÒ©Òµ,12.68,13.04,12.42,12.65,12.72,-0.04,-0.3145,4.6569,884803,11245869.23,874920000.0,240920000.0
2005-02-22,'002038,Ë«ðØÒ©Òµ,12.72,12.87,12.0,12.2,12.1,0.62,5.124,6.1812,1174432,14653484.72,877680000.0,241680000.0
2005-02-21,'002038,Ë«ðØÒ©Òµ,12.1,12.1,11.45,11.57,11.57,0.53,4.5808,3.0526,579993,6870977.68,834900000.0,229900000.0
2005-02-18,'002038,Ë«ðØÒ©Òµ,11.57,11.66,11.22,11.31,11.32,0.25,2.2085,3.218,611426,7025341.09,798330000.0,219830000.0
2005-02-17,'002038,Ë«ðØÒ©Òµ,11.32,11.43,11.19,11.43,11.32,0.0,0.0,0.7925,150572,1696430.4,781080000.0,215080000.0
2005-02-16,'002038,Ë«ðØÒ©Òµ,11.32,11.68,11.3,11.68,11.4,-0.08,-0.7018,1.4678,278876,3185729.48,781080000.0,215080000.0
2005-02-04,'002038,Ë«ðØÒ©Òµ,11.4,11.48,10.98,10.98,11.02,0.38,3.4483,2.0405,387697,4394096.35,786600000.0,216600000.0
2005-02-03,'002038,Ë«ðØÒ©Òµ,11.02,11.48,10.99,11.16,11.3,-0.28,-2.4779,2.1024,399455,4480927.35,760380000.0,209380000.0
2005-02-02,'002038,Ë«ðØÒ©Òµ,11.3,11.35,10.5,10.75,10.71,0.59,5.5089,3.3375,634131,7062290.19,779700000.0,214700000.0
2005-02-01,'002038,Ë«ðØÒ©Òµ,10.71,10.79,10.43,10.52,10.61,0.1,0.9425,1.7467,331877,3553930.09,738990000.0,203490000.0
2005-01-31,'002038,Ë«ðØÒ©Òµ,10.61,10.87,10.51,10.87,10.98,-0.37,-3.3698,2.2009,418167,4450344.89,732090000.0,201590000.0
2005-01-28,'002038,Ë«ðØÒ©Òµ,10.98,11.3,10.96,11.2,11.3,-0.32,-2.8319,1.6932,321710,3565821.9,757620000.0,208620000.0
2005-01-27,'002038,Ë«ðØÒ©Òµ,11.3,11.7,11.28,11.57,11.72,-0.42,-3.5836,1.6374,311100,3560970.41,779700000.0,214700000.0
2005-01-26,'002038,Ë«ðØÒ©Òµ,11.72,11.86,11.52,11.53,11.66,0.06,0.5146,1.4286,271434,3157560.47,808680000.0,222680000.0
2005-01-25,'002038,Ë«ðØÒ©Òµ,11.66,11.85,11.58,11.85,12.18,-0.52,-4.2693,2.1749,413224,4835894.12,804540000.0,221540000.0
2005-01-24,'002038,Ë«ðØÒ©Òµ,12.18,12.24,11.94,12.21,11.92,0.26,2.1812,3.9842,756994,9173284.32,840420000.0,231420000.0
2005-01-21,'002038,Ë«ðØÒ©Òµ,11.92,11.96,11.4,11.51,11.51,0.41,3.5621,2.9126,553386,6482396.95,822480000.0,226480000.0
2005-01-20,'002038,Ë«ðØÒ©Òµ,11.51,11.7,11.42,11.5,11.74,-0.23,-1.9591,2.0095,381803,4406151.5,794190000.0,218690000.0
2005-01-19,'002038,Ë«ðØÒ©Òµ,11.74,12.12,11.74,12.0,12.0,-0.26,-2.1667,0.9253,175802,2073170.25,810060000.0,223060000.0
2005-01-18,'002038,Ë«ðØÒ©Òµ,12.0,12.15,11.7,12.0,11.98,0.02,0.1669,1.1558,219600,2618396.0,828000000.0,228000000.0
2005-01-17,'002038,Ë«ðØÒ©Òµ,11.98,12.27,11.6,12.0,12.43,-0.45,-3.6203,1.4048,266919,3218603.48,826620000.0,227620000.0
2005-01-14,'002038,Ë«ðØÒ©Òµ,12.43,12.77,12.4,12.69,12.68,-0.25,-1.9716,0.8293,157575,1986967.75,857670000.0,236170000.0
2005-01-13,'002038,Ë«ðØÒ©Òµ,12.68,12.75,12.59,12.6,12.62,0.06,0.4754,0.689,130903,1656416.65,874920000.0,240920000.0
2005-01-12,'002038,Ë«ðØÒ©Òµ,12.62,12.91,12.53,12.91,12.9,-0.28,-2.1705,1.2059,229128,2901660.04,870780000.0,239780000.0
2005-01-11,'002038,Ë«ðØÒ©Òµ,12.9,13.08,12.88,12.88,12.88,0.02,0.1553,0.9605,182500,2361458.46,890100000.0,245100000.0
2005-01-10,'002038,Ë«ðØÒ©Òµ,12.88,12.98,12.8,12.81,12.88,0.0,0.0,0.9088,172666,2225159.77,888720000.0,244720000.0
2005-01-07,'002038,Ë«ðØÒ©Òµ,12.88,13.1,12.76,12.8,12.84,0.04,0.3115,0.7158,136000,1753138.0,888720000.0,244720000.0
2005-01-06,'002038,Ë«ðØÒ©Òµ,12.84,12.99,12.76,12.87,12.86,-0.02,-0.1555,0.5356,101767,1305532.85,885960000.0,243960000.0
2005-01-05,'002038,Ë«ðØÒ©Òµ,12.86,13.0,12.69,12.89,12.72,0.14,1.1006,0.555,105444,1357309.12,887340000.0,244340000.0
2005-01-04,'002038,Ë«ðØÒ©Òµ,12.72,12.92,12.65,12.83,12.95,-0.23,-1.7761,0.7462,141776,1807571.9,877680000.0,241680000.0
2004-12-31,'002038,Ë«ðØÒ©Òµ,12.95,13.08,12.8,13.08,12.9,0.05,0.3876,0.5069,96309,1247797.17,893550000.0,246050000.0
2004-12-30,'002038,Ë«ðØÒ©Òµ,12.9,13.03,12.6,12.85,12.86,0.04,0.311,1.4361,272855,3505113.84,890100000.0,245100000.0
2004-12-29,'002038,Ë«ðØÒ©Òµ,12.86,13.2,12.82,13.2,13.2,-0.34,-2.5758,1.7565,333740,4358544.8,887340000.0,244340000.0
2004-12-28,'002038,Ë«ðØÒ©Òµ,13.2,13.28,13.05,13.1,13.15,0.05,0.3802,1.5167,288166,3799983.08,910800000.0,250800000.0
2004-12-27,'002038,Ë«ðØÒ©Òµ,13.15,13.38,13.1,13.11,13.21,-0.06,-0.4542,0.5513,104744,1381183.82,907350000.0,249850000.0
2004-12-24,'002038,Ë«ðØÒ©Òµ,13.21,13.35,13.1,13.1,13.1,0.11,0.8397,1.2352,234693,3100653.68,911490000.0,250990000.0
2004-12-23,'002038,Ë«ðØÒ©Òµ,13.1,13.55,13.07,13.55,13.48,-0.38,-2.819,0.699,132806,1757567.31,903900000.0,248900000.0
2004-12-22,'002038,Ë«ðØÒ©Òµ,13.48,13.5,12.95,13.01,12.93,0.55,4.2537,1.3746,261178,3486362.73,930120000.0,256120000.0
2004-12-21,'002038,Ë«ðØÒ©Òµ,12.93,13.16,12.9,12.95,12.95,-0.02,-0.1544,0.8593,163270,2123606.2,892170000.0,245670000.0
2004-12-20,'002038,Ë«ðØÒ©Òµ,12.95,13.1,12.9,13.06,13.28,-0.33,-2.4849,1.3171,250249,3250580.2,893550000.0,246050000.0
2004-12-17,'002038,Ë«ðØÒ©Òµ,13.28,13.8,13.2,13.8,13.84,-0.56,-4.0462,2.2763,432502,5813667.81,916320000.0,252320000.0
2004-12-16,'002038,Ë«ðØÒ©Òµ,13.84,14.17,13.76,14.14,14.14,-0.3,-2.1216,0.9032,171600,2398863.78,954960000.0,262960000.0
2004-12-15,'002038,Ë«ðØÒ©Òµ,14.14,14.19,13.91,13.91,13.93,0.21,1.5075,2.3962,455274,6420550.5,975660000.0,268660000.0
2004-12-14,'002038,Ë«ðØÒ©Òµ,13.93,13.96,13.75,13.9,13.83,0.1,0.7231,0.4886,92841,1288801.25,961170000.0,264670000.0
2004-12-13,'002038,Ë«ðØÒ©Òµ,13.83,13.93,13.6,13.6,13.73,0.1,0.7283,0.691,131285,1808937.98,954270000.0,262770000.0
2004-12-10,'002038,Ë«ðØÒ©Òµ,13.73,14.01,13.7,14.0,13.96,-0.23,-1.6476,0.9258,175899,2430649.22,947370000.0,260870000.0
2004-12-09,'002038,Ë«ðØÒ©Òµ,13.96,14.2,13.64,13.81,13.75,0.21,1.5273,1.4348,272615,3823298.47,963240000.0,265240000.0
2004-12-08,'002038,Ë«ðØÒ©Òµ,13.75,13.97,13.65,13.71,13.65,0.1,0.7326,0.8164,155108,2136961.39,948750000.0,261250000.0
2004-12-07,'002038,Ë«ðØÒ©Òµ,13.65,13.93,13.6,13.93,13.93,-0.28,-2.0101,0.8315,157983,2170206.25,941850000.0,259350000.0
2004-12-06,'002038,Ë«ðØÒ©Òµ,13.93,14.06,13.5,13.5,13.99,-0.06,-0.4289,0.4861,92367,1278356.81,961170000.0,264670000.0
2004-12-03,'002038,Ë«ðØÒ©Òµ,13.99,14.37,13.7,13.71,13.79,0.2,1.4503,1.9772,375674,5304237.77,965310000.0,265810000.0
2004-12-02,'002038,Ë«ðØÒ©Òµ,13.79,13.82,13.6,13.65,13.75,0.04,0.2909,1.1795,224097,3066403.7,951510000.0,262010000.0
2004-12-01,'002038,Ë«ðØÒ©Òµ,13.75,13.85,13.6,13.85,13.85,-0.1,-0.722,1.1321,215100,2949752.59,948750000.0,261250000.0
2004-11-30,'002038,Ë«ðØÒ©Òµ,13.85,13.93,13.78,13.91,13.85,0.0,0.0,1.0683,202976,2810517.8,955650000.0,263150000.0
2004-11-29,'002038,Ë«ðØÒ©Òµ,13.85,14.35,13.65,14.35,14.33,-0.48,-3.3496,2.9876,567650,7899699.48,955650000.0,263150000.0
2004-11-26,'002038,Ë«ðØÒ©Òµ,14.33,14.58,14.33,14.44,14.53,-0.2,-1.3765,1.1323,215132,3110238.92,988770000.0,272270000.0
2004-11-25,'002038,Ë«ðØÒ©Òµ,14.53,14.64,14.32,14.55,14.41,0.12,0.8328,1.3486,256231,3709601.26,1002570000.0,276070000.0
2004-11-24,'002038,Ë«ðØÒ©Òµ,14.41,14.65,14.22,14.33,14.29,0.12,0.8397,3.0757,584381,8429758.91,994290000.0,273790000.0
2004-11-23,'002038,Ë«ðØÒ©Òµ,14.29,14.59,14.25,14.59,14.55,-0.26,-1.7869,2.463,467966,6721429.91,986010000.0,271510000.0
2004-11-22,'002038,Ë«ðØÒ©Òµ,14.55,14.65,14.45,14.51,14.58,-0.03,-0.2058,2.4656,468468,6814805.88,1003950000.0,276450000.0
2004-11-19,'002038,Ë«ðØÒ©Òµ,14.58,14.94,14.4,14.94,14.84,-0.26,-1.752,3.3475,636019,9255914.4,1006020000.0,277020000.0
2004-11-18,'002038,Ë«ðØÒ©Òµ,14.84,14.88,14.63,14.63,14.62,0.22,1.5048,1.5678,297875,4405605.82,1023960000.0,281960000.0
2004-11-17,'002038,Ë«ðØÒ©Òµ,14.62,14.89,14.61,14.85,14.8,-0.18,-1.2162,1.8993,360858,5307271.21,1008780000.0,277780000.0
2004-11-16,'002038,Ë«ðØÒ©Òµ,14.8,15.2,14.71,15.18,15.14,-0.34,-2.2457,4.2944,815927,12113100.19,1021200000.0,281200000.0
2004-11-15,'002038,Ë«ðØÒ©Òµ,15.14,15.25,14.85,15.0,15.03,0.11,0.7319,3.8194,725691,10944916.03,1044660000.0,287660000.0
2004-11-12,'002038,Ë«ðØÒ©Òµ,15.03,15.29,14.8,14.8,14.8,0.23,1.5541,4.9322,937123,14128287.87,1037070000.0,285570000.0
2004-11-11,'002038,Ë«ðØÒ©Òµ,14.8,15.33,14.8,15.0,14.92,-0.12,-0.8043,7.3448,1395520,21068759.91,1021200000.0,281200000.0
2004-11-10,'002038,Ë«ðØÒ©Òµ,14.92,15.09,14.2,14.51,14.3,0.62,4.3357,6.5764,1249523,18424590.61,1029480000.0,283480000.0
2004-11-09,'002038,Ë«ðØÒ©Òµ,14.3,14.45,14.02,14.11,14.09,0.21,1.4904,3.8178,725378,10378663.59,986700000.0,271700000.0
2004-11-08,'002038,Ë«ðØÒ©Òµ,14.09,14.13,13.72,14.0,13.95,0.14,1.0036,1.8295,347600,4854703.23,972210000.0,267710000.0
2004-11-05,'002038,Ë«ðØÒ©Òµ,13.95,14.17,13.88,14.05,13.9,0.05,0.3597,1.6197,307747,4304796.51,962550000.0,265050000.0
2004-11-04,'002038,Ë«ðØÒ©Òµ,13.9,14.27,13.88,14.08,14.09,-0.19,-1.3485,4.0304,765784,10776826.34,959100000.0,264100000.0
2004-11-03,'002038,Ë«ðØÒ©Òµ,14.09,14.13,13.61,13.77,13.59,0.5,3.6792,2.6085,495612,6881151.21,972210000.0,267710000.0
2004-11-02,'002038,Ë«ðØÒ©Òµ,13.59,13.84,13.44,13.75,13.74,-0.15,-1.0917,1.5801,300219,4079598.18,937710000.0,258210000.0
2004-11-01,'002038,Ë«ðØÒ©Òµ,13.74,14.0,13.63,13.63,13.76,-0.02,-0.1453,1.6505,313598,4332719.57,948060000.0,261060000.0
2004-10-29,'002038,Ë«ðØÒ©Òµ,13.76,14.18,13.2,13.25,13.8,-0.04,-0.2899,4.4984,854687,11783671.06,949440000.0,261440000.0
2004-10-28,'002038,Ë«ðØÒ©Òµ,13.8,14.45,13.65,14.45,14.25,-0.45,-3.1579,5.6144,1066739,15052074.39,952200000.0,262200000.0
2004-10-27,'002038,Ë«ðØÒ©Òµ,14.25,14.36,13.8,14.0,13.44,0.81,6.0268,9.4129,1788454,25262960.96,983250000.0,270750000.0
2004-10-26,'002038,Ë«ðØÒ©Òµ,0.0,0.0,0.0,0.0,13.44,None,None,0.0,0,0.0,927360000.0,255360000.0
2004-10-25,'002038,Ë«ðØÒ©Òµ,13.44,14.08,13.4,13.82,13.7,-0.26,-1.8978,4.719,896609,12313705.91,927360000.0,255360000.0
2004-10-22,'002038,Ë«ðØÒ©Òµ,13.7,13.78,12.81,12.81,13.03,0.67,5.142,5.1343,975508,13186677.68,945300000.0,260300000.0
2004-10-21,'002038,Ë«ðØÒ©Òµ,13.03,13.48,12.88,13.2,13.26,-0.23,-1.7345,2.817,535224,7030395.79,899070000.0,247570000.0
2004-10-20,'002038,Ë«ðØÒ©Òµ,13.26,13.27,12.8,13.0,13.0,0.26,2.0,2.5994,493895,6447061.17,914940000.0,251940000.0
2004-10-19,'002038,Ë«ðØÒ©Òµ,13.0,13.69,12.98,13.4,13.32,-0.32,-2.4024,3.4029,646542,8659537.42,897000000.0,247000000.0
2004-10-18,'002038,Ë«ðØÒ©Òµ,13.32,13.61,13.21,13.28,13.15,0.17,1.2928,2.8007,532131,7142801.64,919080000.0,253080000.0
2004-10-15,'002038,Ë«ðØÒ©Òµ,13.15,13.39,12.89,13.27,13.39,-0.24,-1.7924,4.5619,866759,11336065.55,907350000.0,249850000.0
2004-10-14,'002038,Ë«ðØÒ©Òµ,13.39,14.98,13.39,14.95,14.88,-1.49,-10.0134,11.6281,2209332,30597335.5,923910000.0,254410000.0
2004-10-13,'002038,Ë«ðØÒ©Òµ,14.88,15.03,14.75,14.86,14.87,0.01,0.0672,3.9197,744743,11069487.37,1026720000.0,282720000.0
2004-10-12,'002038,Ë«ðØÒ©Òµ,14.87,15.22,14.76,14.86,14.93,-0.06,-0.4019,6.2096,1179816,17623575.34,1026030000.0,282530000.0
2004-10-11,'002038,Ë«ðØÒ©Òµ,14.93,15.95,14.9,15.5,15.38,-0.45,-2.9259,15.2857,2904275,45134103.68,1030170000.0,283670000.0
2004-10-08,'002038,Ë«ðØÒ©Òµ,15.38,15.45,14.24,14.3,14.4,0.98,6.8056,11.5708,2198445,32805885.73,1061220000.0,292220000.0
2004-09-30,'002038,Ë«ðØÒ©Òµ,14.4,14.75,14.3,14.5,14.4,0.0,0.0,6.1815,1174480,17048432.35,993600000.0,273600000.0
2004-09-29,'002038,Ë«ðØÒ©Òµ,14.4,14.69,14.3,14.49,14.44,-0.04,-0.277,3.9664,753613,10921968.56,993600000.0,273600000.0
2004-09-28,'002038,Ë«ðØÒ©Òµ,14.44,14.55,14.22,14.3,14.2,0.24,1.6901,4.3134,819549,11814197.44,996360000.0,274360000.0
2004-09-27,'002038,Ë«ðØÒ©Òµ,14.2,14.99,14.01,14.65,14.32,-0.12,-0.838,6.8455,1300636,18828932.3,979800000.0,269800000.0
2004-09-24,'002038,Ë«ðØÒ©Òµ,14.32,15.49,14.32,14.92,14.85,-0.53,-3.569,14.8391,2819423,42330064.18,988080000.0,272080000.0
2004-09-23,'002038,Ë«ðØÒ©Òµ,14.85,15.02,14.41,15.0,15.07,-0.22,-1.4599,11.8955,2260141,33102519.32,1024650000.0,282150000.0
2004-09-22,'002038,Ë«ðØÒ©Òµ,15.07,15.24,14.65,14.8,14.8,0.27,1.8243,16.1865,3075429,45975421.37,1039830000.0,286330000.0
2004-09-21,'002038,Ë«ðØÒ©Òµ,14.8,15.19,14.21,14.55,14.54,0.26,1.7882,14.5615,2766683,40801022.02,1021200000.0,281200000.0
2004-09-20,'002038,Ë«ðØÒ©Òµ,14.54,14.8,13.99,14.17,14.04,0.5,3.5613,19.5008,3705143,53373093.78,1003260000.0,276260000.0
2004-09-17,'002038,Ë«ðØÒ©Òµ,14.04,14.09,13.35,13.8,13.79,0.25,1.8129,19.2363,3654903,50127391.6,968760000.0,266760000.0
2004-09-16,'002038,Ë«ðØÒ©Òµ,13.79,14.09,13.23,13.48,13.57,0.22,1.6212,27.648,5253119,71822616.44,951510000.0,262010000.0
2004-09-15,'002038,Ë«ðØÒ©Òµ,13.57,13.57,12.34,12.35,12.34,1.23,9.9676,28.576,5429440,71434583.39,936330000.0,257830000.0
2004-09-14,'002038,Ë«ðØÒ©Òµ,12.34,12.84,12.21,12.36,12.06,0.28,2.3217,13.0684,2482995,30867329.64,851460000.0,234460000.0
2004-09-13,'002038,Ë«ðØÒ©Òµ,12.06,12.94,11.96,12.85,12.8,-0.74,-5.7813,16.9587,3222155,39846853.02,832140000.0,229140000.0
2004-09-10,'002038,Ë«ðØÒ©Òµ,12.8,12.97,12.63,12.8,13.21,-0.41,-3.1037,26.8567,5102780,65361971.22,883200000.0,243200000.0
2004-09-09,'002038,N Ë«  ðØ,13.21,13.3,12.05,12.08,12.0,1.21,10.0833,67.4574,12816909,161483242.46,911490000.0,250990000.0
2004-08-30,'002038,Ë«ðØ·ÅÆú,0.0,0.0,0.0,0.0,12.0,None,None,None,0,0.0,600000000.0,0.0
2004-08-25,'002038,Ë«ðØÅäÊÛ,0.0,0.0,0.0,0.0,12.0,None,None,None,0,0.0,600000000.0,0.0
