日期,股票代码,名称,收盘价,最高价,最低价,开盘价,前收盘,涨跌额,涨跌幅,换手率,成交量,成交金额,总市值,流通市值
2018-01-24,'300479,神思电子,19.41,19.58,18.85,19.1,18.97,0.44,2.3195,2.6349,2318749,44816825.67,3105600000.0,1708080000.0
2018-01-23,'300479,神思电子,18.97,19.3,18.92,19.1,19.25,-0.28,-1.4545,1.648,1450238,27630475.86,3035200000.0,1669360000.0
2018-01-22,'300479,神思电子,19.25,19.38,18.2,18.61,18.61,0.64,3.439,3.0939,2722601,51530290.34,3080000000.0,1694000000.0
2018-01-19,'300479,神思电子,18.61,18.99,18.51,18.89,18.83,-0.22,-1.1683,1.9033,1674900,31431651.28,2977600000.0,1637680000.0
2018-01-18,'300479,神思电子,18.83,19.08,18.65,18.88,18.98,-0.15,-0.7903,1.9813,1743561,32828086.36,3012800000.0,1657040000.0
2018-01-17,'300479,神思电子,18.98,19.44,18.0,19.21,19.33,-0.35,-1.8107,3.668,3227820,60507108.0,3036800000.0,1670240000.0
2018-01-16,'300479,神思电子,19.33,19.7,19.17,19.41,19.74,-0.41,-2.077,2.7199,2393518,46471139.62,3092800000.0,1701040000.0
2018-01-15,'300479,神思电子,19.74,20.62,19.6,20.61,20.43,-0.69,-3.3774,3.3441,2942844,58467373.2,3158400000.0,1737120000.0
2018-01-12,'300479,神思电子,20.43,20.7,20.33,20.47,20.42,0.01,0.049,1.9085,1679501,34485215.66,3268800000.0,1797840000.0
2018-01-11,'300479,神思电子,20.42,20.72,20.03,20.1,20.17,0.25,1.2395,2.5103,2209100,45148270.0,3267200000.0,1796960000.0
2018-01-10,'300479,神思电子,20.17,20.79,20.03,20.79,20.63,-0.46,-2.2298,2.9881,2629500,53086598.0,3227200000.0,1774960000.0
2018-01-09,'300479,神思电子,20.63,20.93,20.53,20.57,20.62,0.01,0.0485,1.9416,1708640,35412218.2,3300800000.0,1815440000.0
2018-01-08,'300479,神思电子,20.62,21.41,20.45,21.4,21.31,-0.69,-3.2379,3.8483,3386501,70484583.87,3299200000.0,1814560000.0
2018-01-05,'300479,神思电子,21.31,21.54,21.12,21.24,21.2,0.11,0.5189,2.5193,2217000,47367751.0,3409600000.0,1875280000.0
2018-01-04,'300479,神思电子,21.2,21.44,21.13,21.3,21.4,-0.2,-0.9346,2.173,1912200,40585963.0,3392000000.0,1865600000.0
2018-01-03,'300479,神思电子,21.4,21.47,20.85,21.15,21.11,0.29,1.3738,3.4361,3023800,64123985.0,3424000000.0,1883200000.0
2018-01-02,'300479,神思电子,21.11,21.28,20.82,21.1,21.1,0.01,0.0474,2.1234,1868618,39290935.1,3377600000.0,1857680000.0
2017-12-29,'300479,神思电子,21.1,21.16,20.76,20.76,20.75,0.35,1.6867,1.7544,1543900,32360952.35,3376000000.0,1856800000.0
2017-12-28,'300479,神思电子,20.75,21.2,20.71,20.95,20.89,-0.14,-0.6702,2.1793,1917807,40077094.04,3320000000.0,1826000000.0
2017-12-27,'300479,神思电子,20.89,21.35,20.86,21.28,21.25,-0.36,-1.6941,2.3697,2085295,43917918.8,3342400000.0,1838320000.0
2017-12-26,'300479,神思电子,21.25,21.32,20.84,21.1,20.99,0.26,1.2387,2.1712,1910650,40397767.36,3400000000.0,1870000000.0
2017-12-25,'300479,神思电子,20.99,21.95,20.71,21.95,21.95,-0.96,-4.3736,4.1263,3631139,76804461.59,3358400000.0,1847120000.0
2017-12-22,'300479,神思电子,21.95,22.58,21.88,22.47,22.43,-0.48,-2.14,2.4535,2159100,47963203.0,3512000000.0,1931600000.0
2017-12-21,'300479,神思电子,22.43,22.6,21.75,22.19,22.19,0.24,1.0816,2.841,2500100,55620177.0,3588800000.0,1973840000.0
2017-12-20,'300479,神思电子,22.19,22.57,22.01,22.57,22.4,-0.21,-0.9375,2.4418,2148800,47761470.0,3550400000.0,1952720000.0
2017-12-19,'300479,神思电子,22.4,22.88,22.25,22.32,22.26,0.14,0.6289,3.896,3428499,77470642.64,3584000000.0,1971200000.0
2017-12-18,'300479,神思电子,22.26,22.83,21.88,22.67,22.68,-0.42,-1.8519,4.072,3583399,79805102.91,3561600000.0,1958880000.0
2017-12-15,'300479,神思电子,22.68,23.36,22.52,22.89,22.98,-0.3,-1.3055,5.6551,4976518,113907059.42,3628800000.0,1995840000.0
2017-12-14,'300479,神思电子,22.98,23.28,21.76,22.13,22.12,0.86,3.8879,8.9023,7834042,176203558.66,3676800000.0,2022240000.0
2017-12-13,'300479,神思电子,22.12,22.17,21.22,21.22,21.18,0.94,4.4381,5.3512,4709018,102530842.12,3539200000.0,1946560000.0
2017-12-12,'300479,神思电子,21.18,21.67,20.92,21.48,21.65,-0.47,-2.1709,3.2646,2872863,61094428.46,3388800000.0,1863840000.0
2017-12-11,'300479,神思电子,21.65,21.99,21.43,21.47,21.28,0.37,1.7387,3.2881,2893545,62841894.4,3464000000.0,1905200000.0
2017-12-08,'300479,神思电子,21.28,21.58,20.83,20.9,20.85,0.43,2.0624,3.3808,2975100,63424065.84,3404800000.0,1872640000.0
2017-12-07,'300479,神思电子,20.85,21.19,20.81,20.96,20.96,-0.11,-0.5248,2.3006,2024525,42454303.44,3336000000.0,1834800000.0
2017-12-06,'300479,神思电子,20.96,21.0,19.92,20.16,20.39,0.57,2.7955,3.3677,2963608,60774593.2,3353600000.0,1844480000.0
2017-12-05,'300479,神思电子,20.39,21.74,20.0,21.56,21.55,-1.16,-5.3828,4.091,3600116,74601305.12,3262400000.0,1794320000.0
2017-12-04,'300479,神思电子,21.55,22.18,21.3,21.51,21.72,-0.17,-0.7827,3.2656,2873771,62210000.29,3448000000.0,1896400000.0
2017-12-01,'300479,神思电子,21.72,21.82,20.81,20.88,20.89,0.83,3.9732,4.2537,3743293,80727052.42,3475200000.0,1911360000.0
2017-11-30,'300479,神思电子,20.89,21.49,20.88,21.37,21.28,-0.39,-1.8327,1.9026,1674300,35425467.0,3342400000.0,1838320000.0
2017-11-29,'300479,神思电子,21.28,21.77,21.08,21.77,21.64,-0.36,-1.6636,2.8579,2514918,53571870.43,3404800000.0,1872640000.0
2017-11-28,'300479,神思电子,21.64,21.79,20.59,20.59,20.76,0.88,4.2389,3.955,3480442,74250675.87,3462400000.0,1904320000.0
2017-11-27,'300479,神思电子,20.76,21.35,20.67,20.93,21.25,-0.49,-2.3059,2.599,2287137,47938140.53,3321600000.0,1826880000.0
2017-11-24,'300479,神思电子,21.25,21.95,21.1,21.26,21.44,-0.19,-0.8862,2.8944,2547037,54845771.18,3400000000.0,1870000000.0
2017-11-23,'300479,神思电子,21.44,22.5,21.21,21.48,21.72,-0.28,-1.2891,4.3658,3841876,84123771.76,3430400000.0,1886720000.0
2017-11-22,'300479,神思电子,21.72,22.9,20.87,21.01,20.87,0.85,4.0728,5.7863,5091916,111973992.0,3475200000.0,1911360000.0
2017-11-21,'300479,神思电子,20.87,21.68,20.55,21.26,21.35,-0.48,-2.2482,2.7625,2430980,51225145.6,3339200000.0,1836560000.0
2017-11-20,'300479,神思电子,21.35,21.49,19.6,20.98,21.12,0.23,1.089,3.2402,2851361,59075225.77,3416000000.0,1878800000.0
2017-11-17,'300479,神思电子,21.12,23.34,21.0,23.3,23.26,-2.14,-9.2003,6.4618,5686424,125018661.64,3379200000.0,1858560000.0
2017-11-16,'300479,神思电子,23.26,24.01,23.24,23.39,23.38,-0.12,-0.5133,3.0793,2709784,64080946.84,3721600000.0,2046880000.0
2017-11-15,'300479,神思电子,23.38,24.28,23.34,24.14,24.35,-0.97,-3.9836,3.2475,2857800,67712280.0,3740800000.0,2057440000.0
2017-11-14,'300479,神思电子,24.35,24.67,24.14,24.5,24.77,-0.42,-1.6956,4.6413,4084334,99694280.66,3896000000.0,2142800000.0
2017-11-13,'300479,神思电子,24.77,24.97,23.16,23.8,23.8,0.97,4.0756,7.7418,6812763,164700868.45,3963200000.0,2179760000.0
2017-11-10,'300479,神思电子,23.8,24.19,23.66,23.97,24.17,-0.37,-1.5308,3.5553,3128700,74714805.0,3808000000.0,2094400000.0
2017-11-09,'300479,神思电子,24.17,24.5,23.85,23.85,24.05,0.12,0.499,3.3131,2915500,70574666.0,3867200000.0,2126960000.0
2017-11-08,'300479,神思电子,24.05,24.5,23.78,24.16,24.04,0.01,0.0416,5.0053,4404704,106274331.44,3848000000.0,2116400000.0
2017-11-07,'300479,神思电子,24.04,24.09,23.35,23.45,23.66,0.38,1.6061,4.1802,3678568,87094723.13,3846400000.0,2115520000.0
2017-11-06,'300479,神思电子,23.66,23.73,22.92,23.08,22.94,0.72,3.1386,3.9661,3490137,81748214.84,3785600000.0,2082080000.0
2017-11-03,'300479,神思电子,22.94,23.34,22.38,22.9,23.12,-0.18,-0.7785,3.4551,3040464,69821725.2,3670400000.0,2018720000.0
2017-11-02,'300479,神思电子,23.12,23.54,22.31,22.8,22.95,0.17,0.7407,4.857,4274192,98062785.45,3699200000.0,2034560000.0
2017-11-01,'300479,神思电子,22.95,23.47,22.8,23.37,23.22,-0.27,-1.1628,3.2385,2849837,66339443.62,3672000000.0,2019600000.0
2017-10-31,'300479,神思电子,23.22,23.4,22.81,23.05,23.1,0.12,0.5195,3.2047,2820130,65158329.77,3715200000.0,2043360000.0
2017-10-30,'300479,神思电子,23.1,25.17,22.78,25.03,25.31,-2.21,-8.7317,5.7184,5032156,119145871.57,3696000000.0,2032800000.0
2017-10-27,'300479,神思电子,25.31,25.97,25.25,25.8,25.78,-0.47,-1.8231,3.903,3434600,87830267.0,4049600000.0,2227280000.0
2017-10-26,'300479,神思电子,25.78,25.85,24.8,25.15,25.13,0.65,2.5865,4.9447,4351311,110181028.5,4124800000.0,2268640000.0
2017-10-25,'300479,神思电子,25.13,25.25,24.75,24.78,24.9,0.23,0.9237,3.2632,2871601,71942578.24,4020800000.0,2211440000.0
2017-10-24,'300479,神思电子,24.9,25.0,23.96,24.8,24.89,0.01,0.0402,4.2506,3740495,91358760.05,3984000000.0,2191200000.0
2017-10-23,'300479,神思电子,24.89,25.17,24.62,24.75,24.59,0.3,1.22,3.7972,3341559,83350982.79,3982400000.0,2190320000.0
2017-10-20,'300479,神思电子,24.59,24.68,24.05,24.05,24.15,0.44,1.8219,3.8675,3403424,82851274.88,3934400000.0,2163920000.0
2017-10-19,'300479,神思电子,24.15,25.45,23.88,25.2,25.1,-0.95,-3.7849,6.2409,5491965,135681804.55,3864000000.0,2125200000.0
2017-10-18,'300479,神思电子,25.1,26.26,25.1,25.98,25.99,-0.89,-3.4244,4.4827,3944759,101759213.37,4016000000.0,2208800000.0
2017-10-17,'300479,神思电子,25.99,26.95,25.78,26.8,26.86,-0.87,-3.239,7.1991,6335202,166232820.9,4158400000.0,2287120000.0
2017-10-16,'300479,神思电子,26.86,27.9,26.83,27.4,27.41,-0.55,-2.0066,5.8721,5167462,141625714.09,4297600000.0,2363680000.0
2017-10-13,'300479,神思电子,27.41,28.18,26.88,28.0,28.17,-0.76,-2.6979,6.4371,5664657,154974497.86,4385600000.0,2412080000.0
2017-10-12,'300479,神思电子,28.17,28.65,28.02,28.37,28.08,0.09,0.3205,4.2696,3757232,106339819.44,4507200000.0,2478960000.0
2017-10-11,'300479,神思电子,28.08,28.39,27.95,28.21,28.24,-0.16,-0.5666,4.1535,3655113,102876009.04,4492800000.0,2471040000.0
2017-10-10,'300479,神思电子,28.24,28.8,27.9,28.4,28.9,-0.66,-2.2837,6.9546,6120022,172729728.68,4518400000.0,2485120000.0
2017-10-09,'300479,神思电子,28.9,28.92,28.07,28.46,28.01,0.89,3.1774,5.1101,4496877,128211282.78,4624000000.0,2543200000.0
2017-09-29,'300479,神思电子,28.01,29.63,27.91,29.31,29.22,-1.21,-4.141,9.1348,8038650,228586809.09,4481600000.0,2464880000.0
2017-09-28,'300479,神思电子,29.22,30.99,29.0,30.99,31.5,-2.28,-7.2381,9.4029,8274543,247151400.4,4675200000.0,2571360000.0
2017-09-27,'300479,神思电子,0.0,0.0,0.0,0.0,31.5,None,None,0.0,0,0.0,5040000000.0,2772000000.0
2017-09-26,'300479,神思电子,0.0,0.0,0.0,0.0,31.5,None,None,0.0,0,0.0,5040000000.0,2772000000.0
2017-09-25,'300479,神思电子,0.0,0.0,0.0,0.0,31.5,None,None,0.0,0,0.0,5040000000.0,2772000000.0
2017-09-22,'300479,神思电子,0.0,0.0,0.0,0.0,31.5,None,None,0.0,0,0.0,5040000000.0,2772000000.0
2017-09-21,'300479,神思电子,0.0,0.0,0.0,0.0,31.5,None,None,0.0,0,0.0,5040000000.0,2772000000.0
2017-09-20,'300479,神思电子,31.5,31.5,29.82,30.05,30.26,1.24,4.0978,11.0545,9727954,300595488.46,5040000000.0,2772000000.0
2017-09-19,'300479,神思电子,30.26,31.35,30.25,30.66,30.71,-0.45,-1.4653,7.8979,6950123,213820971.32,4841600000.0,2662880000.0
2017-09-18,'300479,神思电子,30.71,31.37,30.19,30.47,30.63,0.08,0.2612,9.0227,7939935,244355526.19,4913600000.0,2702480000.0
2017-09-15,'300479,神思电子,30.63,30.65,29.22,29.71,29.82,0.81,2.7163,8.303,7306619,219757792.95,4900800000.0,2695440000.0
2017-09-14,'300479,神思电子,29.82,30.35,29.5,29.79,29.52,0.3,1.0163,6.8952,6067736,181592501.79,4771200000.0,2624160000.0
2017-09-13,'300479,神思电子,29.52,30.56,29.38,30.5,30.7,-1.18,-3.8436,8.4581,7443104,221282605.32,4723200000.0,2597760000.0
2017-09-12,'300479,神思电子,30.7,31.43,29.76,31.26,31.13,-0.43,-1.3813,11.5259,10142756,310822708.92,4912000000.0,2701600000.0
2017-09-11,'300479,神思电子,31.13,31.58,30.41,30.7,30.9,0.23,0.7443,7.0336,6189543,191722710.16,4980800000.0,2739440000.0
2017-09-08,'300479,神思电子,30.9,31.4,30.4,30.8,31.15,-0.25,-0.8026,7.5945,6683156,205838455.86,4944000000.0,2719200000.0
2017-09-07,'300479,神思电子,31.15,32.39,30.99,31.58,31.96,-0.81,-2.5344,13.7847,12130539,383234723.79,4984000000.0,2741200000.0
2017-09-06,'300479,神思电子,31.96,31.96,29.15,30.61,30.72,1.24,4.0365,18.7787,16525260,507323721.74,5113600000.0,2812480000.0
2017-09-05,'300479,神思电子,30.72,31.5,30.35,30.57,30.93,-0.21,-0.679,12.4546,10960021,337762939.28,4915200000.0,2703360000.0
2017-09-04,'300479,神思电子,30.93,32.44,29.6,29.86,29.95,0.98,3.2721,21.5891,18998373,593493189.64,4948800000.0,2721840000.0
2017-09-01,'300479,神思电子,29.95,30.49,27.85,28.3,28.62,1.33,4.6471,18.6541,16415601,480129216.02,4792000000.0,2635600000.0
2017-08-31,'300479,神思电子,28.62,29.44,28.44,28.56,28.26,0.36,1.2739,11.9408,10507947,303492944.91,4579200000.0,2518560000.0
2017-08-30,'300479,神思电子,28.26,29.26,27.92,28.19,28.48,-0.22,-0.7725,12.3215,10842933,309857957.11,4521600000.0,2486880000.0
2017-08-29,'300479,神思电子,28.48,29.48,27.9,28.95,28.71,-0.23,-0.8011,20.6306,18154929,520576338.23,4556800000.0,2506240000.0
2017-08-28,'300479,神思电子,28.71,28.71,26.27,26.56,26.1,2.61,10.0,11.3885,10021836,279335588.68,4593600000.0,2526480000.0
2017-08-25,'300479,神思电子,26.1,26.26,25.71,25.71,25.68,0.42,1.6355,6.4628,5687266,148014071.48,4176000000.0,2296800000.0
2017-08-24,'300479,神思电子,25.68,27.15,25.3,26.91,27.26,-1.58,-5.796,11.7586,10347608,269216870.63,4108800000.0,2259840000.0
2017-08-23,'300479,神思电子,27.26,27.7,26.32,26.44,26.41,0.85,3.2185,11.6495,10251532,277214074.45,4361600000.0,2398880000.0
2017-08-22,'300479,神思电子,26.41,27.38,26.31,26.52,26.47,-0.06,-0.2267,9.9957,8796227,236999749.32,4225600000.0,2324080000.0
2017-08-21,'300479,神思电子,26.47,26.94,26.25,26.6,26.35,0.12,0.4554,8.8203,7761900,206744379.0,4235200000.0,2329360000.0
2017-08-18,'300479,神思电子,26.35,26.96,26.15,26.59,27.08,-0.73,-2.6957,13.3782,11772804,312540342.48,4216000000.0,2318800000.0
2017-08-17,'300479,神思电子,27.08,28.98,27.01,27.28,27.75,-0.67,-2.4144,22.1568,19498017,542470126.89,4332800000.0,2383040000.0
2017-08-16,'300479,神思电子,27.75,28.17,26.33,26.59,26.88,0.87,3.2366,18.9193,16648974,456547808.64,4440000000.0,2442000000.0
2017-08-15,'300479,神思电子,26.88,27.12,26.22,26.5,26.83,0.05,0.1864,14.0526,12366296,328653844.55,4300800000.0,2365440000.0
2017-08-14,'300479,神思电子,26.83,27.5,25.06,25.2,25.33,1.5,5.9218,19.5896,17238849,455432177.53,4292800000.0,2361040000.0
2017-08-11,'300479,神思电子,25.33,26.31,24.31,24.71,25.21,0.12,0.476,18.8686,16604368,422819224.41,4052800000.0,2229040000.0
2017-08-10,'300479,神思电子,25.21,26.0,23.6,23.6,23.65,1.56,6.5962,16.4794,14501905,359218430.03,4033600000.0,2218480000.0
2017-08-09,'300479,神思电子,23.65,24.2,23.42,23.81,24.2,-0.55,-2.2727,6.4899,5711100,135852463.0,3784000000.0,2081200000.0
2017-08-08,'300479,神思电子,24.2,24.2,22.73,23.03,22.96,1.24,5.4007,8.4384,7425798,174366677.56,3872000000.0,2129600000.0
2017-08-07,'300479,神思电子,22.96,23.45,22.65,22.82,22.63,0.33,1.4582,5.2157,4589825,105900335.41,3673600000.0,2020480000.0
2017-08-04,'300479,神思电子,22.63,23.88,22.6,23.52,23.28,-0.65,-2.7921,6.8066,5989823,138322093.64,3620800000.0,1991440000.0
2017-08-03,'300479,神思电子,23.28,23.97,23.06,23.06,24.2,-0.92,-3.8017,8.9036,7835151,183489577.7,3724800000.0,2048640000.0
2017-08-02,'300479,神思电子,24.2,25.15,24.14,24.7,24.6,-0.4,-1.626,8.3163,7318380,180478577.29,3872000000.0,2129600000.0
2017-08-01,'300479,神思电子,24.6,24.71,23.85,24.54,24.74,-0.14,-0.5659,7.1674,6307339,153287554.05,3936000000.0,2164800000.0
2017-07-31,'300479,神思电子,24.74,25.21,23.73,24.03,24.28,0.46,1.8946,9.959,8763939,215396404.48,3958400000.0,2177120000.0
2017-07-28,'300479,神思电子,24.28,24.87,24.25,24.69,24.95,-0.67,-2.6854,9.424,8293162,203041938.78,3884800000.0,2136640000.0
2017-07-27,'300479,神思电子,24.95,25.1,22.78,23.05,23.48,1.47,6.2606,16.5117,14530330,352633950.52,3992000000.0,2195600000.0
2017-07-26,'300479,神思电子,23.48,23.88,22.72,23.19,23.09,0.39,1.689,12.5378,11033270,258221468.1,3756800000.0,2066240000.0
2017-07-25,'300479,神思电子,23.09,23.14,21.79,21.79,21.74,1.35,6.2098,9.2969,8181250,184203114.27,3694400000.0,2031920000.0
2017-07-24,'300479,神思电子,21.74,21.97,21.08,21.95,22.41,-0.67,-2.9897,6.6965,5892948,126862082.29,3478400000.0,1913120000.0
2017-07-21,'300479,神思电子,22.41,23.45,22.24,23.02,22.22,0.19,0.8551,9.1125,8019038,182967027.27,3585600000.0,1972080000.0
2017-07-20,'300479,神思电子,22.22,23.31,21.81,21.85,21.85,0.37,1.6934,8.9379,7865386,177337016.18,3555200000.0,1955360000.0
2017-07-19,'300479,神思电子,21.85,21.95,20.86,21.66,21.68,0.17,0.7841,6.5001,5720057,122642624.33,3496000000.0,1922800000.0
2017-07-18,'300479,神思电子,21.68,22.08,20.5,21.25,21.85,-0.17,-0.778,8.2309,7243211,154149772.25,3468800000.0,1907840000.0
2017-07-17,'300479,神思电子,21.85,23.49,21.85,23.0,24.28,-2.43,-10.0082,11.4592,10084074,225483529.75,3496000000.0,1922800000.0
2017-07-14,'300479,神思电子,24.28,25.11,24.24,24.99,25.23,-0.95,-3.7654,6.2634,5511810,135742204.7,3884800000.0,2136640000.0
2017-07-13,'300479,神思电子,25.23,25.25,23.87,24.3,24.57,0.66,2.6862,9.8319,8652065,212326606.54,4036800000.0,2220240000.0
2017-07-12,'300479,神思电子,24.57,24.99,23.8,23.8,24.05,0.52,2.1622,9.3005,8184420,200442331.45,3931200000.0,2162160000.0
2017-07-11,'300479,神思电子,24.05,24.41,23.7,23.9,25.09,-1.04,-4.1451,10.5015,9241346,222104463.06,3848000000.0,2116400000.0
2017-07-10,'300479,神思电子,25.09,26.48,25.05,25.06,25.05,0.04,0.1597,15.745,13855633,356946004.3,4014400000.0,2207920000.0
2017-07-07,'300479,神思电子,25.05,25.78,25.01,25.66,26.05,-1.0,-3.8388,12.9337,11381616,288024238.63,4008000000.0,2204400000.0
2017-07-06,'300479,神思电子,26.05,26.87,25.5,25.75,24.7,1.35,5.4656,24.5086,21567609,560315954.45,4168000000.0,2292400000.0
2017-07-05,'300479,神思电子,24.7,24.7,22.51,22.51,22.45,2.25,10.0223,7.7857,6851411,163570335.98,3952000000.0,2173600000.0
2017-07-04,'300479,神思电子,22.45,22.99,21.15,21.51,21.6,0.85,3.9352,6.2881,5533521,121084963.78,3592000000.0,1975600000.0
2017-07-03,'300479,神思电子,21.6,21.65,21.05,21.33,21.37,0.23,1.0763,3.2863,2891921,61877591.18,3456000000.0,1900800000.0
2017-06-30,'300479,神思电子,21.37,21.6,21.2,21.55,21.67,-0.3,-1.3844,3.4499,3035897,64834056.43,3419200000.0,1880560000.0
2017-06-29,'300479,神思电子,21.67,21.67,20.81,20.92,20.92,0.75,3.5851,5.8905,5183597,110632863.52,3467200000.0,1906960000.0
2017-06-28,'300479,神思电子,20.92,21.64,20.68,21.28,21.54,-0.62,-2.8784,4.6392,4082519,85871668.21,3347200000.0,1840960000.0
2017-06-27,'300479,神思电子,21.54,22.11,21.3,21.4,21.38,0.16,0.7484,5.328,4688661,101940005.37,3446400000.0,1895520000.0
2017-06-26,'300479,神思电子,21.38,21.48,20.79,20.99,21.06,0.32,1.5195,4.2961,3780567,80002707.26,3420800000.0,1881440000.0
2017-06-23,'300479,神思电子,21.06,21.47,20.43,21.3,21.54,-0.48,-2.2284,6.2736,5520810,115525892.19,3369600000.0,1853280000.0
2017-06-22,'300479,神思电子,21.54,22.47,21.49,22.03,22.2,-0.66,-2.973,6.7093,5904150,130407658.78,3446400000.0,1895520000.0
2017-06-21,'300479,神思电子,22.2,22.45,21.51,22.29,22.38,-0.18,-0.8043,8.2435,7254294,159185642.7,3552000000.0,1953600000.0
2017-06-20,'300479,神思电子,22.38,22.78,22.02,22.43,22.3,0.08,0.3587,6.9446,6111285,136857389.95,3580800000.0,1969440000.0
2017-06-19,'300479,神思电子,22.3,23.0,21.99,23.0,24.04,-1.74,-7.2379,10.3163,9078334,202442094.96,3568000000.0,1962400000.0
2017-06-16,'300479,神思电子,24.04,24.46,23.76,24.24,24.23,-0.19,-0.7842,5.441,4788086,114947117.15,3846400000.0,2115520000.0
2017-06-15,'300479,神思电子,24.23,24.47,23.29,23.4,23.34,0.89,3.8132,9.9806,8782890,210980465.74,3876800000.0,2132240000.0
2017-06-14,'300479,神思电子,23.34,23.79,23.04,23.55,23.63,-0.29,-1.2273,6.3576,5594674,130454568.61,3734400000.0,2053920000.0
2017-06-13,'300479,神思电子,23.63,24.31,22.68,22.68,22.81,0.82,3.5949,10.5952,9323778,221162794.08,3780800000.0,2079440000.0
2017-06-12,'300479,神思电子,22.81,23.95,22.6,23.05,23.36,-0.55,-2.3545,6.6732,5872434,136442213.62,3649600000.0,2007280000.0
2017-06-09,'300479,神思电子,23.42,23.8,22.86,23.43,23.75,-0.33,-1.3895,7.8222,6883553,160367663.63,3747200000.0,2060960000.0
2017-06-08,'300479,神思电子,23.75,24.98,23.17,23.37,23.6,0.15,0.6356,14.1079,12414977,298965739.82,3800000000.0,2090000000.0
2017-06-07,'300479,神思电子,23.6,24.2,22.6,22.68,22.55,1.05,4.6563,16.1514,14213230,333386678.76,3776000000.0,2076800000.0
2017-06-06,'300479,神思电子,22.55,22.85,22.1,22.54,23.1,-0.55,-2.381,12.4286,10937203,245832491.9,3608000000.0,1984400000.0
2017-06-05,'300479,神思电子,23.1,23.22,22.03,22.49,21.11,1.99,9.4268,21.286,18731647,426644198.6,3696000000.0,2032800000.0
2017-06-02,'300479,神思电子,21.11,21.11,19.24,19.24,19.19,1.92,10.0052,3.6929,3249749,66679183.87,3377600000.0,1857680000.0
2017-06-01,'300479,神思电子,19.19,21.1,18.9,20.44,20.62,-1.43,-6.935,5.2666,4634576,93541896.36,3070400000.0,1688720000.0
2017-05-31,'300479,神思电子,20.62,22.0,20.58,21.6,21.39,-0.77,-3.5998,5.912,5202603,110568195.88,3299200000.0,1814560000.0
2017-05-26,'300479,神思电子,21.39,21.8,20.84,21.18,20.83,0.56,2.6884,6.6805,5878814,125574682.21,3422400000.0,1882320000.0
2017-05-25,'300479,神思电子,20.83,21.4,20.12,21.4,20.49,0.34,1.6593,8.2811,7287367,151847042.7,3332800000.0,1833040000.0
2017-05-24,'300479,神思电子,20.49,20.49,18.38,18.61,18.63,1.86,9.9839,2.8753,2530304,50026194.42,3278400000.0,1803120000.0
2017-05-23,'300479,神思电子,18.63,19.98,18.5,19.83,19.9,-1.27,-6.3819,3.2178,2831696,54528067.66,2980800000.0,1639440000.0
2017-05-22,'300479,神思电子,19.9,21.08,19.73,20.55,20.85,-0.95,-4.5564,3.995,3515573,72027697.3,3184000000.0,1751200000.0
2017-05-19,'300479,神思电子,20.85,21.45,20.3,21.2,21.09,-0.24,-1.138,4.6589,4099817,85142452.54,3336000000.0,1834800000.0
2017-05-18,'300479,神思电子,21.09,21.49,20.91,21.0,21.45,-0.36,-1.6783,4.3015,3785278,80278103.75,3374400000.0,1855920000.0
2017-05-17,'300479,神思电子,21.45,21.97,21.18,21.95,22.04,-0.59,-2.677,8.2027,7218346,155571538.28,3432000000.0,1887600000.0
2017-05-16,'300479,神思电子,22.04,22.64,20.75,21.0,20.58,1.46,7.0943,13.2586,11667559,252039970.95,3526400000.0,1939520000.0
2017-05-15,'300479,神思电子,20.58,20.58,19.2,19.3,18.71,1.87,9.9947,4.5026,3962308,78873618.76,3292800000.0,1811040000.0
2017-05-12,'300479,神思电子,18.71,19.2,18.39,19.2,19.17,-0.46,-2.3996,2.8727,2527947,47322723.29,2993600000.0,1646480000.0
2017-05-11,'300479,神思电子,19.17,19.6,18.56,19.2,19.9,-0.73,-3.6683,3.9092,3440092,65423780.18,3067200000.0,1686960000.0
2017-05-10,'300479,神思电子,19.9,20.44,19.79,19.8,19.89,0.01,0.0503,2.6195,2305131,46435249.55,3184000000.0,1751200000.0
2017-05-09,'300479,神思电子,19.89,20.3,19.44,19.62,19.74,0.15,0.7599,2.2761,2002936,39777430.08,3182400000.0,1750320000.0
2017-05-08,'300479,神思电子,19.74,20.65,19.72,20.45,21.0,-1.26,-6.0,3.911,3441688,69510002.97,3158400000.0,1737120000.0
2017-05-05,'300479,神思电子,21.0,21.49,21.0,21.36,21.29,-0.29,-1.3621,2.0242,1781263,37928767.8,3360000000.0,1848000000.0
2017-05-04,'300479,神思电子,21.29,21.65,21.18,21.5,21.49,-0.2,-0.9307,2.4445,2151174,45971193.03,3406400000.0,1873520000.0
2017-05-03,'300479,神思电子,21.49,21.75,21.32,21.4,21.41,0.08,0.3737,2.8729,2528125,54296626.24,3438400000.0,1891120000.0
2017-05-02,'300479,神思电子,21.41,21.69,21.21,21.41,21.73,-0.32,-1.4726,3.1573,2778447,59562554.5,3425600000.0,1884080000.0
2017-04-28,'300479,神思电子,21.73,21.97,20.6,20.9,21.55,0.18,0.8353,6.3626,5599083,119119852.61,3476800000.0,1912240000.0
2017-04-27,'300479,神思电子,21.55,21.92,20.71,20.99,23.01,-1.46,-6.3451,11.1231,9788328,206789483.13,3448000000.0,1896400000.0
2017-04-26,'300479,神思电子,23.01,24.18,23.01,23.11,25.57,-2.56,-10.0117,2.3505,2068410,47758832.1,3681600000.0,2024880000.0
2017-04-25,'300479,神思电子,0.0,0.0,0.0,0.0,25.57,None,None,0.0,0,0.0,4091200000.0,2250160000.0
2017-04-24,'300479,神思电子,0.0,0.0,0.0,0.0,25.57,None,None,0.0,0,0.0,4091200000.0,2250160000.0
2017-04-21,'300479,神思电子,0.0,0.0,0.0,0.0,25.57,None,None,0.0,0,0.0,4091200000.0,2250160000.0
2017-04-20,'300479,神思电子,0.0,0.0,0.0,0.0,25.57,None,None,0.0,0,0.0,4091200000.0,2250160000.0
2017-04-19,'300479,神思电子,0.0,0.0,0.0,0.0,25.57,None,None,0.0,0,0.0,4091200000.0,2250160000.0
2017-04-18,'300479,神思电子,0.0,0.0,0.0,0.0,25.57,None,None,0.0,0,0.0,4091200000.0,2250160000.0
2017-04-17,'300479,神思电子,0.0,0.0,0.0,0.0,25.57,None,None,0.0,0,0.0,4091200000.0,2250160000.0
2017-04-14,'300479,神思电子,0.0,0.0,0.0,0.0,25.57,None,None,0.0,0,0.0,4091200000.0,2250160000.0
2017-04-13,'300479,神思电子,0.0,0.0,0.0,0.0,25.57,None,None,0.0,0,0.0,4091200000.0,2250160000.0
2017-04-12,'300479,神思电子,0.0,0.0,0.0,0.0,25.57,None,None,0.0,0,0.0,4091200000.0,2250160000.0
2017-04-11,'300479,神思电子,0.0,0.0,0.0,0.0,25.57,None,None,0.0,0,0.0,4091200000.0,2250160000.0
2017-04-10,'300479,神思电子,0.0,0.0,0.0,0.0,25.57,None,None,0.0,0,0.0,4091200000.0,2250160000.0
2017-04-07,'300479,神思电子,0.0,0.0,0.0,0.0,25.57,None,None,0.0,0,0.0,4091200000.0,2250160000.0
2017-04-06,'300479,神思电子,0.0,0.0,0.0,0.0,25.57,None,None,0.0,0,0.0,4091200000.0,2250160000.0
2017-04-05,'300479,神思电子,0.0,0.0,0.0,0.0,25.57,None,None,0.0,0,0.0,4091200000.0,2250160000.0
2017-03-31,'300479,神思电子,0.0,0.0,0.0,0.0,25.57,None,None,0.0,0,0.0,4091200000.0,2250160000.0
2017-03-30,'300479,神思电子,0.0,0.0,0.0,0.0,25.57,None,None,0.0,0,0.0,4091200000.0,2250160000.0
2017-03-29,'300479,神思电子,0.0,0.0,0.0,0.0,25.57,None,None,0.0,0,0.0,4091200000.0,2250160000.0
2017-03-28,'300479,神思电子,0.0,0.0,0.0,0.0,25.57,None,None,0.0,0,0.0,4091200000.0,2250160000.0
2017-03-27,'300479,神思电子,0.0,0.0,0.0,0.0,25.57,None,None,0.0,0,0.0,4091200000.0,2250160000.0
2017-03-24,'300479,神思电子,0.0,0.0,0.0,0.0,25.57,None,None,0.0,0,0.0,4091200000.0,2250160000.0
2017-03-23,'300479,神思电子,0.0,0.0,0.0,0.0,25.57,None,None,0.0,0,0.0,4091200000.0,2250160000.0
2017-03-22,'300479,神思电子,0.0,0.0,0.0,0.0,25.57,None,None,0.0,0,0.0,4091200000.0,2250160000.0
2017-03-21,'300479,神思电子,0.0,0.0,0.0,0.0,25.57,None,None,0.0,0,0.0,4091200000.0,2250160000.0
2017-03-20,'300479,神思电子,0.0,0.0,0.0,0.0,25.57,None,None,0.0,0,0.0,4091200000.0,2250160000.0
2017-03-17,'300479,神思电子,0.0,0.0,0.0,0.0,25.57,None,None,0.0,0,0.0,4091200000.0,2250160000.0
2017-03-16,'300479,神思电子,0.0,0.0,0.0,0.0,25.57,None,None,0.0,0,0.0,4091200000.0,2250160000.0
2017-03-15,'300479,神思电子,0.0,0.0,0.0,0.0,25.57,None,None,0.0,0,0.0,4091200000.0,2250160000.0
2017-03-14,'300479,神思电子,0.0,0.0,0.0,0.0,25.57,None,None,0.0,0,0.0,4091200000.0,2250160000.0
2017-03-13,'300479,神思电子,0.0,0.0,0.0,0.0,25.57,None,None,0.0,0,0.0,4091200000.0,2250160000.0
2017-03-10,'300479,神思电子,0.0,0.0,0.0,0.0,25.57,None,None,0.0,0,0.0,4091200000.0,2250160000.0
2017-03-09,'300479,神思电子,0.0,0.0,0.0,0.0,25.57,None,None,0.0,0,0.0,4091200000.0,2250160000.0
2017-03-08,'300479,神思电子,0.0,0.0,0.0,0.0,25.57,None,None,0.0,0,0.0,4091200000.0,2250160000.0
2017-03-07,'300479,神思电子,0.0,0.0,0.0,0.0,25.57,None,None,0.0,0,0.0,4091200000.0,2250160000.0
2017-03-06,'300479,神思电子,0.0,0.0,0.0,0.0,25.57,None,None,0.0,0,0.0,4091200000.0,2250160000.0
2017-03-03,'300479,神思电子,0.0,0.0,0.0,0.0,25.57,None,None,0.0,0,0.0,4091200000.0,2250160000.0
2017-03-02,'300479,神思电子,0.0,0.0,0.0,0.0,25.57,None,None,0.0,0,0.0,4091200000.0,2250160000.0
2017-03-01,'300479,神思电子,0.0,0.0,0.0,0.0,25.57,None,None,0.0,0,0.0,4091200000.0,2250160000.0
2017-02-28,'300479,神思电子,0.0,0.0,0.0,0.0,25.57,None,None,0.0,0,0.0,4091200000.0,2250160000.0
2017-02-27,'300479,神思电子,0.0,0.0,0.0,0.0,25.57,None,None,0.0,0,0.0,4091200000.0,2250160000.0
2017-02-24,'300479,神思电子,0.0,0.0,0.0,0.0,25.57,None,None,0.0,0,0.0,4091200000.0,2250160000.0
2017-02-23,'300479,神思电子,0.0,0.0,0.0,0.0,25.57,None,None,0.0,0,0.0,4091200000.0,2250160000.0
2017-02-22,'300479,神思电子,0.0,0.0,0.0,0.0,25.57,None,None,0.0,0,0.0,4091200000.0,2250160000.0
2017-02-21,'300479,神思电子,0.0,0.0,0.0,0.0,25.57,None,None,0.0,0,0.0,4091200000.0,2250160000.0
2017-02-20,'300479,神思电子,0.0,0.0,0.0,0.0,25.57,None,None,0.0,0,0.0,4091200000.0,2250160000.0
2017-02-17,'300479,神思电子,0.0,0.0,0.0,0.0,25.57,None,None,0.0,0,0.0,4091200000.0,2250160000.0
2017-02-16,'300479,神思电子,0.0,0.0,0.0,0.0,25.57,None,None,0.0,0,0.0,4091200000.0,2250160000.0
2017-02-15,'300479,神思电子,0.0,0.0,0.0,0.0,25.57,None,None,0.0,0,0.0,4091200000.0,2250160000.0
2017-02-14,'300479,神思电子,0.0,0.0,0.0,0.0,25.57,None,None,0.0,0,0.0,4091200000.0,2250160000.0
2017-02-13,'300479,神思电子,0.0,0.0,0.0,0.0,25.57,None,None,0.0,0,0.0,4091200000.0,2250160000.0
2017-02-10,'300479,神思电子,0.0,0.0,0.0,0.0,25.57,None,None,0.0,0,0.0,4091200000.0,2250160000.0
2017-02-09,'300479,神思电子,0.0,0.0,0.0,0.0,25.57,None,None,0.0,0,0.0,4091200000.0,2250160000.0
2017-02-08,'300479,神思电子,0.0,0.0,0.0,0.0,25.57,None,None,0.0,0,0.0,4091200000.0,2250160000.0
2017-02-07,'300479,神思电子,0.0,0.0,0.0,0.0,25.57,None,None,0.0,0,0.0,4091200000.0,2250160000.0
2017-02-06,'300479,神思电子,0.0,0.0,0.0,0.0,25.57,None,None,0.0,0,0.0,4091200000.0,2250160000.0
2017-02-03,'300479,神思电子,0.0,0.0,0.0,0.0,25.57,None,None,0.0,0,0.0,4091200000.0,2250160000.0
2017-01-26,'300479,神思电子,0.0,0.0,0.0,0.0,25.57,None,None,0.0,0,0.0,4091200000.0,2250160000.0
2017-01-25,'300479,神思电子,0.0,0.0,0.0,0.0,25.57,None,None,0.0,0,0.0,4091200000.0,2250160000.0
2017-01-24,'300479,神思电子,0.0,0.0,0.0,0.0,25.57,None,None,0.0,0,0.0,4091200000.0,2250160000.0
2017-01-23,'300479,神思电子,0.0,0.0,0.0,0.0,25.57,None,None,0.0,0,0.0,4091200000.0,2250160000.0
2017-01-20,'300479,神思电子,0.0,0.0,0.0,0.0,25.57,None,None,0.0,0,0.0,4091200000.0,2250160000.0
2017-01-19,'300479,神思电子,0.0,0.0,0.0,0.0,25.57,None,None,0.0,0,0.0,4091200000.0,2250160000.0
2017-01-18,'300479,神思电子,0.0,0.0,0.0,0.0,25.57,None,None,0.0,0,0.0,4091200000.0,2250160000.0
2017-01-17,'300479,神思电子,0.0,0.0,0.0,0.0,25.57,None,None,0.0,0,0.0,4091200000.0,2250160000.0
2017-01-16,'300479,神思电子,0.0,0.0,0.0,0.0,25.57,None,None,0.0,0,0.0,4091200000.0,2250160000.0
2017-01-13,'300479,神思电子,0.0,0.0,0.0,0.0,25.57,None,None,0.0,0,0.0,4091200000.0,2250160000.0
2017-01-12,'300479,神思电子,0.0,0.0,0.0,0.0,25.57,None,None,0.0,0,0.0,4091200000.0,2250160000.0
2017-01-11,'300479,神思电子,0.0,0.0,0.0,0.0,25.57,None,None,0.0,0,0.0,4091200000.0,2250160000.0
2017-01-10,'300479,神思电子,0.0,0.0,0.0,0.0,25.57,None,None,0.0,0,0.0,4091200000.0,2250160000.0
2017-01-09,'300479,神思电子,0.0,0.0,0.0,0.0,25.57,None,None,0.0,0,0.0,4091200000.0,2250160000.0
2017-01-06,'300479,神思电子,0.0,0.0,0.0,0.0,25.57,None,None,0.0,0,0.0,4091200000.0,2250160000.0
2017-01-05,'300479,神思电子,0.0,0.0,0.0,0.0,25.57,None,None,0.0,0,0.0,4091200000.0,2250160000.0
2017-01-04,'300479,神思电子,0.0,0.0,0.0,0.0,25.57,None,None,0.0,0,0.0,4091200000.0,2250160000.0
2017-01-03,'300479,神思电子,0.0,0.0,0.0,0.0,25.57,None,None,0.0,0,0.0,4091200000.0,2250160000.0
2016-12-30,'300479,神思电子,0.0,0.0,0.0,0.0,25.57,None,None,0.0,0,0.0,4091200000.0,2250160000.0
2016-12-29,'300479,神思电子,0.0,0.0,0.0,0.0,25.57,None,None,0.0,0,0.0,4091200000.0,2250160000.0
2016-12-28,'300479,神思电子,0.0,0.0,0.0,0.0,25.57,None,None,0.0,0,0.0,4091200000.0,2250160000.0
2016-12-27,'300479,神思电子,0.0,0.0,0.0,0.0,25.57,None,None,0.0,0,0.0,4091200000.0,2250160000.0
2016-12-26,'300479,神思电子,0.0,0.0,0.0,0.0,25.57,None,None,0.0,0,0.0,4091200000.0,2250160000.0
2016-12-23,'300479,神思电子,0.0,0.0,0.0,0.0,25.57,None,None,0.0,0,0.0,4091200000.0,2250160000.0
2016-12-22,'300479,神思电子,0.0,0.0,0.0,0.0,25.57,None,None,0.0,0,0.0,4091200000.0,2250160000.0
2016-12-21,'300479,神思电子,0.0,0.0,0.0,0.0,25.57,None,None,0.0,0,0.0,4091200000.0,2250160000.0
2016-12-20,'300479,神思电子,0.0,0.0,0.0,0.0,25.57,None,None,0.0,0,0.0,4091200000.0,2250160000.0
2016-12-19,'300479,神思电子,0.0,0.0,0.0,0.0,25.57,None,None,0.0,0,0.0,4091200000.0,2250160000.0
2016-12-16,'300479,神思电子,0.0,0.0,0.0,0.0,25.57,None,None,0.0,0,0.0,4091200000.0,2250160000.0
2016-12-15,'300479,神思电子,0.0,0.0,0.0,0.0,25.57,None,None,0.0,0,0.0,4091200000.0,2250160000.0
2016-12-14,'300479,神思电子,0.0,0.0,0.0,0.0,25.57,None,None,0.0,0,0.0,4091200000.0,2250160000.0
2016-12-13,'300479,神思电子,0.0,0.0,0.0,0.0,25.57,None,None,0.0,0,0.0,4091200000.0,2250160000.0
2016-12-12,'300479,神思电子,25.57,28.58,25.57,28.43,28.41,-2.84,-9.9965,4.5826,4032653,107480167.46,4091200000.0,2250160000.0
2016-12-09,'300479,神思电子,28.41,28.91,28.41,28.6,28.56,-0.15,-0.5252,1.3372,1176700,33743490.9,4545600000.0,2500080000.0
2016-12-08,'300479,神思电子,28.56,29.09,28.53,28.94,29.07,-0.51,-1.7544,1.7086,1503576,43281437.9,4569600000.0,2513280000.0
2016-12-07,'300479,神思电子,29.07,29.15,28.33,28.36,28.36,0.71,2.5035,2.493,2193853,62952162.63,4651200000.0,2558160000.0
2016-12-06,'300479,神思电子,28.36,28.7,28.26,28.55,28.39,-0.03,-0.1057,1.6371,1440669,40948848.64,4537600000.0,2495680000.0
2016-12-05,'300479,神思电子,28.39,28.93,28.15,28.57,28.58,-0.19,-0.6648,1.9308,1699080,48464788.74,4542400000.0,2498320000.0
2016-12-02,'300479,神思电子,28.58,29.96,28.53,29.73,29.8,-1.22,-4.094,3.4035,2995100,87022521.52,4572800000.0,2515040000.0
2016-12-01,'300479,神思电子,29.8,30.06,29.69,29.87,29.8,0.0,0.0,1.9,1671960,49840049.04,4768000000.0,2622400000.0
2016-11-30,'300479,神思电子,29.8,30.09,29.44,29.46,29.43,0.37,1.2572,2.2894,2014703,60008873.96,4768000000.0,2622400000.0
2016-11-29,'300479,神思电子,29.43,30.3,29.38,30.15,30.18,-0.75,-2.4851,3.0892,2718527,81361230.47,4708800000.0,2589840000.0
2016-11-28,'300479,神思电子,30.18,30.84,30.04,30.72,30.61,-0.43,-1.4048,2.7331,2405129,72867242.01,4828800000.0,2655840000.0
2016-11-25,'300479,神思电子,30.61,30.97,29.52,30.77,30.78,-0.17,-0.5523,3.5668,3138826,95087407.88,4897600000.0,2693680000.0
2016-11-24,'300479,神思电子,30.78,31.39,30.51,30.9,31.18,-0.4,-1.2829,3.3533,2950892,91277357.22,4924800000.0,2708640000.0
2016-11-23,'300479,神思电子,31.18,32.38,31.16,31.6,31.49,-0.31,-0.9844,6.832,6012168,190965714.36,4988800000.0,2743840000.0
2016-11-22,'300479,神思电子,31.49,31.49,30.73,30.95,30.95,0.54,1.7447,4.2573,3746426,116333889.11,5038400000.0,2771120000.0
2016-11-21,'300479,神思电子,30.95,31.1,30.45,30.85,30.74,0.21,0.6831,3.216,2830084,87057945.58,4952000000.0,2723600000.0
2016-11-18,'300479,神思电子,30.74,31.27,30.66,31.04,30.92,-0.18,-0.5821,2.8564,2513628,77692423.67,4918400000.0,2705120000.0
2016-11-17,'300479,神思电子,30.92,31.72,30.8,31.72,31.81,-0.89,-2.7979,4.6455,4088021,126934580.31,4947200000.0,2720960000.0
2016-11-16,'300479,神思电子,31.81,32.66,31.66,31.66,31.51,0.3,0.9521,7.9637,7008018,225086671.88,5089600000.0,2799280000.0
2016-11-15,'300479,神思电子,31.51,31.75,30.95,31.6,31.45,0.06,0.1908,3.7324,3284547,102685109.72,5041600000.0,2772880000.0
2016-11-14,'300479,神思电子,31.45,31.79,30.78,30.98,30.73,0.72,2.343,5.7546,5064050,158775906.2,5032000000.0,2767600000.0
2016-11-11,'300479,神思电子,30.73,30.98,30.3,30.98,30.9,-0.17,-0.5502,4.389,3862348,118133545.26,4916800000.0,2704240000.0
2016-11-10,'300479,神思电子,30.9,30.98,30.17,30.32,30.32,0.58,1.9129,7.1615,6302091,193200951.4,4944000000.0,2719200000.0
2016-11-09,'300479,神思电子,30.32,31.0,29.76,29.86,29.89,0.43,1.4386,7.061,6213651,189096368.16,4851200000.0,2668160000.0
2016-11-08,'300479,神思电子,29.89,30.15,29.72,29.75,29.72,0.17,0.572,3.0784,2708997,81086281.29,4782400000.0,2630320000.0
2016-11-07,'300479,神思电子,29.72,30.39,29.6,30.37,30.71,-0.99,-3.2237,5.7302,5042597,150555213.76,4755200000.0,2615360000.0
2016-11-04,'300479,神思电子,30.71,31.96,30.54,31.0,30.72,-0.01,-0.0326,12.0365,10592085,332611264.02,4913600000.0,2702480000.0
2016-11-03,'300479,神思电子,30.72,30.77,29.7,29.8,30.07,0.65,2.1616,7.101,6248874,190395715.76,4915200000.0,2703360000.0
2016-11-02,'300479,神思电子,30.07,30.46,29.5,29.89,30.07,0.0,0.0,3.886,3419644,102146764.09,4811200000.0,2646160000.0
2016-11-01,'300479,神思电子,30.07,30.1,29.02,29.02,29.1,0.97,3.3333,3.8301,3370458,99782105.02,4811200000.0,2646160000.0
2016-10-31,'300479,神思电子,29.1,29.22,28.8,28.93,29.23,-0.13,-0.4447,2.1561,1897338,55063716.13,4656000000.0,2560800000.0
2016-10-28,'300479,神思电子,29.23,30.18,29.18,29.9,30.05,-0.82,-2.7288,2.8708,2526289,74862520.07,4676800000.0,2572240000.0
2016-10-27,'300479,神思电子,30.05,30.28,29.51,29.7,29.82,0.23,0.7713,2.5756,2266495,67908782.35,4808000000.0,2644400000.0
2016-10-26,'300479,神思电子,29.82,30.18,29.47,29.97,30.02,-0.2,-0.6662,3.4469,3033252,90237573.69,4771200000.0,2624160000.0
2016-10-25,'300479,神思电子,30.02,30.38,29.67,29.72,29.73,0.29,0.9754,3.7963,3340713,100386786.66,4803200000.0,2641760000.0
2016-10-24,'300479,神思电子,29.73,29.93,29.42,29.6,29.75,-0.02,-0.0672,2.844,2502692,74335774.92,4756800000.0,2616240000.0
2016-10-21,'300479,神思电子,29.75,30.35,29.3,30.22,30.45,-0.7,-2.2989,5.263,4631428,137907369.35,4760000000.0,2618000000.0
2016-10-20,'300479,神思电子,30.45,30.58,29.1,29.26,29.28,1.17,3.9959,6.1904,5447522,163043875.26,4872000000.0,2679600000.0
2016-10-19,'300479,神思电子,29.28,29.9,29.02,29.89,29.45,-0.17,-0.5772,2.5866,2276241,66966956.27,4684800000.0,2576640000.0
2016-10-18,'300479,神思电子,29.45,29.46,28.7,28.77,28.88,0.57,1.9737,2.9474,2593690,75540025.98,4712000000.0,2591600000.0
2016-10-17,'300479,神思电子,28.88,29.78,28.81,29.35,29.53,-0.65,-2.2012,2.4637,2168031,63703155.66,4620800000.0,2541440000.0
2016-10-14,'300479,神思电子,29.53,29.73,29.1,29.73,29.7,-0.17,-0.5724,2.4358,2143486,63028712.46,4724800000.0,2598640000.0
2016-10-13,'300479,神思电子,29.7,29.86,29.35,29.58,29.52,0.18,0.6098,3.0713,2702728,79979661.68,4752000000.0,2613600000.0
2016-10-12,'300479,神思电子,29.52,29.74,29.25,29.28,29.58,-0.06,-0.2028,2.2079,1942930,57314007.91,4723200000.0,2597760000.0
2016-10-11,'300479,神思电子,29.58,29.86,29.42,29.73,29.72,-0.14,-0.4711,2.9782,2620794,77583983.37,4732800000.0,2603040000.0
2016-10-10,'300479,神思电子,29.72,29.9,28.59,28.8,28.51,1.21,4.2441,4.1487,3650829,107077612.85,4755200000.0,2615360000.0
2016-09-30,'300479,神思电子,28.51,28.64,28.24,28.38,28.3,0.21,0.742,2.34,2059185,58536241.62,4561600000.0,2508880000.0
2016-09-29,'300479,神思电子,28.3,28.64,28.27,28.45,28.35,-0.05,-0.1764,1.8803,1654705,47095485.19,4528000000.0,2490400000.0
2016-09-28,'300479,神思电子,28.35,28.88,28.28,28.86,28.76,-0.41,-1.4256,2.0497,1803722,51371255.7,4536000000.0,2494800000.0
2016-09-27,'300479,神思电子,28.76,28.8,28.23,28.5,28.5,0.26,0.9123,3.3851,2978926,84997724.58,4601600000.0,2530880000.0
2016-09-26,'300479,神思电子,28.5,30.15,28.39,30.0,29.88,-1.38,-4.6185,2.4374,2144929,63128719.25,4560000000.0,2508000000.0
2016-09-23,'300479,神思电子,29.88,30.16,29.68,30.0,29.89,-0.01,-0.0335,1.599,1407145,42028100.88,4780800000.0,2629440000.0
2016-09-22,'300479,神思电子,29.89,30.48,29.8,30.35,30.15,-0.26,-0.8624,2.4217,2131083,64186572.5,4782400000.0,2630320000.0
2016-09-21,'300479,神思电子,30.15,30.15,29.31,29.5,29.47,0.68,2.3074,3.7905,3335609,99473824.75,4824000000.0,2653200000.0
2016-09-20,'300479,神思电子,29.47,30.35,29.38,30.12,30.09,-0.62,-2.0605,3.1496,2771681,82280542.81,4715200000.0,2593360000.0
2016-09-19,'300479,神思电子,30.09,30.47,29.77,29.98,29.77,0.32,1.0749,1.6264,1431263,43130349.17,4814400000.0,2647920000.0
2016-09-14,'300479,神思电子,29.77,30.13,29.5,29.7,29.9,-0.13,-0.4348,1.0421,917079,27338621.52,4763200000.0,2619760000.0
2016-09-13,'300479,神思电子,29.9,30.06,29.65,29.98,29.8,0.1,0.3356,1.8629,1639324,48911709.36,4784000000.0,2631200000.0
2016-09-12,'300479,神思电子,29.8,30.57,29.8,30.57,31.52,-1.72,-5.4569,3.427,3015716,90853873.64,4768000000.0,2622400000.0
2016-09-09,'300479,神思电子,31.52,32.25,31.48,32.24,32.25,-0.73,-2.2636,2.6287,2313232,73619076.97,5043200000.0,2773760000.0
2016-09-08,'300479,神思电子,32.25,32.53,32.0,32.0,32.34,-0.09,-0.2783,2.0227,1779987,57424568.99,5160000000.0,2838000000.0
2016-09-07,'300479,神思电子,32.34,32.72,32.28,32.62,32.6,-0.26,-0.7975,2.6575,2338600,76013123.58,5174400000.0,2845920000.0
2016-09-06,'300479,神思电子,32.6,32.64,31.42,32.05,31.95,0.65,2.0344,3.1448,2767391,88725604.83,5216000000.0,2868800000.0
2016-09-05,'300479,神思电子,31.95,32.48,31.86,32.16,31.93,0.02,0.0626,2.0284,1785012,57471211.28,5112000000.0,2811600000.0
2016-09-02,'300479,神思电子,31.93,32.6,31.78,32.48,32.68,-0.75,-2.295,3.4375,3024957,97240986.47,5108800000.0,2809840000.0
2016-09-01,'300479,神思电子,32.68,33.36,32.68,33.25,33.35,-0.67,-2.009,2.8391,2498373,82465442.12,5228800000.0,2875840000.0
2016-08-31,'300479,神思电子,33.35,33.65,32.61,33.39,33.25,0.1,0.3008,3.8665,3402524,112505891.33,5336000000.0,2934800000.0
2016-08-30,'300479,神思电子,33.25,33.54,33.12,33.35,33.33,-0.08,-0.24,1.821,1602492,53293024.47,5320000000.0,2926000000.0
2016-08-29,'300479,神思电子,33.33,33.62,33.02,33.5,33.42,-0.09,-0.2693,1.6875,1484965,49464065.41,5332800000.0,2933040000.0
2016-08-26,'300479,神思电子,33.42,34.07,33.18,33.73,33.65,-0.23,-0.6835,2.7571,2426272,81612773.33,5347200000.0,2940960000.0
2016-08-25,'300479,神思电子,33.65,34.6,33.1,34.6,34.73,-1.08,-3.1097,3.1016,2729383,91822810.01,5384000000.0,2961200000.0
2016-08-24,'300479,神思电子,34.73,35.2,33.99,34.26,33.99,0.74,2.1771,4.1101,3616927,125376732.78,5556800000.0,3056240000.0
2016-08-23,'300479,神思电子,33.99,34.58,33.91,34.15,34.01,-0.02,-0.0588,2.0979,1846156,63246071.22,5438400000.0,2991120000.0
2016-08-22,'300479,神思电子,34.01,34.8,33.78,34.35,34.19,-0.18,-0.5265,2.2735,2000664,68654636.03,5441600000.0,2992880000.0
2016-08-19,'300479,神思电子,34.19,34.4,33.88,34.16,34.36,-0.17,-0.4948,1.8217,1603134,54737174.68,5470400000.0,3008720000.0
2016-08-18,'300479,神思电子,34.36,34.95,34.21,34.26,34.08,0.28,0.8216,2.9846,2626418,90591806.49,5497600000.0,3023680000.0
2016-08-17,'300479,神思电子,34.08,34.36,33.75,34.12,34.18,-0.1,-0.2926,2.0682,1820004,61962776.46,5452800000.0,2999040000.0
2016-08-16,'300479,神思电子,34.18,34.69,34.08,34.25,34.25,-0.07,-0.2044,2.4959,2196365,75368695.09,5468800000.0,3007840000.0
2016-08-15,'300479,神思电子,34.25,34.71,32.5,33.15,33.08,1.17,3.5369,4.0524,3566099,120239257.38,5480000000.0,3014000000.0
2016-08-12,'300479,神思电子,33.08,33.3,32.36,32.42,32.78,0.3,0.9152,1.5204,1337968,43992133.63,5292800000.0,2911040000.0
2016-08-11,'300479,神思电子,32.78,33.7,32.12,33.7,33.74,-0.96,-2.8453,2.3818,2095940,68750048.21,5244800000.0,2884640000.0
2016-08-10,'300479,神思电子,33.74,34.2,33.63,33.8,33.7,0.04,0.1187,1.7437,1534462,52065449.62,5398400000.0,2969120000.0
2016-08-09,'300479,神思电子,33.7,33.7,33.16,33.39,33.29,0.41,1.2316,1.669,1468727,49232663.37,5392000000.0,2965600000.0
2016-08-08,'300479,神思电子,33.29,33.38,32.68,32.9,32.9,0.39,1.1854,1.3729,1208181,40042246.61,5326400000.0,2929520000.0
2016-08-05,'300479,神思电子,32.9,33.75,32.9,33.25,33.66,-0.76,-2.2579,1.781,1567266,52078021.62,5264000000.0,2895200000.0
2016-08-04,'300479,神思电子,33.66,34.24,33.25,34.24,33.21,0.45,1.355,1.8393,1618570,54418764.33,5385600000.0,2962080000.0
2016-08-03,'300479,神思电子,33.21,33.57,32.85,33.51,33.31,-0.1,-0.3002,1.2706,1118100,37120395.0,5313600000.0,2922480000.0
2016-08-02,'300479,神思电子,33.31,33.46,32.68,32.7,32.66,0.65,1.9902,1.7586,1547597,51262668.27,5329600000.0,2931280000.0
2016-08-01,'300479,神思电子,32.66,33.15,31.51,33.15,33.23,-0.57,-1.7153,2.3807,2095013,67695668.76,5225600000.0,2874080000.0
2016-07-29,'300479,神思电子,33.23,34.2,32.98,34.0,33.95,-0.72,-2.1208,2.2238,1956958,65688520.74,5316800000.0,2924240000.0
2016-07-28,'300479,神思电子,33.95,35.48,32.22,35.07,34.98,-1.03,-2.9445,3.6532,3214806,109640324.4,5432000000.0,2987600000.0
2016-07-27,'300479,神思电子,34.98,39.18,34.98,38.95,38.87,-3.89,-10.0077,5.7419,5052882,183995269.43,5596800000.0,3078240000.0
2016-07-26,'300479,神思电子,38.87,39.36,38.68,38.99,38.9,-0.03,-0.0771,1.9613,1725955,67254599.96,6219200000.0,3420560000.0
2016-07-25,'300479,神思电子,38.9,39.15,38.0,38.2,38.63,0.27,0.6989,2.26,1988769,76944467.76,6224000000.0,3423200000.0
2016-07-22,'300479,神思电子,38.63,39.49,38.36,38.64,38.66,-0.03,-0.0776,2.3265,2047321,79457941.5,6180800000.0,3399440000.0
2016-07-21,'300479,神思电子,38.66,39.62,38.61,39.45,39.45,-0.79,-2.0025,2.5317,2227928,87294967.96,6185600000.0,3402080000.0
2016-07-20,'300479,神思电子,39.45,40.09,39.45,40.09,39.99,-0.54,-1.3503,2.3522,2069896,82167978.58,6312000000.0,3471600000.0
2016-07-19,'300479,神思电子,39.99,39.99,38.81,38.81,39.07,0.92,2.3547,3.3449,2943498,116899363.94,6398400000.0,3519120000.0
2016-07-18,'300479,神思电子,39.07,39.88,38.27,38.75,38.96,0.11,0.2823,2.6579,2338954,91590004.29,6251200000.0,3438160000.0
2016-07-15,'300479,神思电子,38.96,39.25,38.05,38.75,39.86,-0.9,-2.2579,4.496,3956511,152863186.07,6233600000.0,3428480000.0
2016-07-14,'300479,神思电子,39.86,40.24,39.5,40.0,40.2,-0.34,-0.8458,2.6038,2291357,91210157.23,6377600000.0,3507680000.0
2016-07-13,'300479,神思电子,40.2,40.64,39.0,39.4,39.95,0.25,0.6258,3.7586,3307564,132257744.62,6432000000.0,3537600000.0
2016-07-12,'300479,神思电子,39.95,39.98,37.3,39.67,39.68,0.27,0.6804,6.4289,5657421,218176823.5,6392000000.0,3515600000.0
2016-07-11,'300479,神思电子,39.68,41.35,39.6,41.35,41.09,-1.41,-3.4315,4.4422,3909122,157047872.99,6348800000.0,3491840000.0
2016-07-08,'300479,神思电子,41.09,41.48,40.8,40.85,40.84,0.25,0.6121,4.1134,3619804,149249148.54,6574400000.0,3615920000.0
2016-07-07,'300479,神思电子,40.84,41.44,40.05,40.69,40.91,-0.07,-0.1711,3.7463,3296785,134773714.39,6534400000.0,3593920000.0
2016-07-06,'300479,神思电子,40.91,41.85,40.75,41.02,41.49,-0.58,-1.3979,4.0657,3577825,147438671.47,6545600000.0,3600080000.0
2016-07-05,'300479,神思电子,41.49,42.48,41.0,42.0,42.06,-0.57,-1.3552,4.7081,4143169,172164327.07,6638400000.0,3651120000.0
2016-07-04,'300479,神思电子,42.06,42.77,41.0,41.11,41.97,0.09,0.2144,5.2104,4585114,192308575.54,6729600000.0,3701280000.0
2016-07-01,'300479,神思电子,41.97,42.78,41.7,42.1,42.87,-0.9,-2.0994,5.1865,4564086,192070260.52,6715200000.0,3693360000.0
2016-06-30,'300479,神思电子,42.87,45.7,42.42,45.5,42.78,0.09,0.2104,8.3083,7311301,319791099.66,6859200000.0,3772560000.0
2016-06-29,'300479,神思电子,42.78,43.59,42.4,43.5,43.28,-0.5,-1.1553,6.0976,5365917,229637379.57,6844800000.0,3764640000.0
2016-06-28,'300479,神思电子,43.28,44.49,42.06,42.06,42.0,1.28,3.0476,10.0283,8824893,383991866.58,6924800000.0,3808640000.0
2016-06-27,'300479,神思电子,42.0,42.46,39.21,39.56,39.62,2.38,6.0071,8.0631,7095500,291976554.83,6720000000.0,3696000000.0
2016-06-24,'300479,神思电子,39.62,40.72,37.59,38.7,38.68,0.94,2.4302,6.3493,5587350,221846769.56,6339200000.0,3486560000.0
2016-06-23,'300479,神思电子,38.68,39.69,38.1,39.69,39.19,-0.51,-1.3014,3.2963,2900738,112781725.07,6188800000.0,3403840000.0
2016-06-22,'300479,神思电子,39.19,39.95,37.42,37.5,38.6,0.59,1.5285,3.9079,3438975,133648895.66,6270400000.0,3448720000.0
2016-06-21,'300479,神思电子,77.5,84.08,77.0,83.5,83.08,-5.58,-6.7164,6.7738,2980461,240035950.45,6200000000.0,3410000000.0
2016-06-20,'300479,神思电子,83.08,84.13,79.2,82.42,81.96,1.12,1.3665,5.353,2355339,192634518.22,6646400000.0,3655520000.0
2016-06-17,'300479,神思电子,81.96,83.72,80.0,80.2,80.5,1.46,1.8137,5.3087,2335827,190823922.51,6556800000.0,3606240000.0
2016-06-16,'300479,神思电子,80.5,82.53,78.8,81.0,80.4,0.1,0.1244,4.5745,2012766,161744165.1,6440000000.0,3542000000.0
2016-06-15,'300479,神思电子,80.4,81.58,75.9,76.25,76.54,3.86,5.0431,5.6046,2466032,197006300.47,6432000000.0,3537600000.0
2016-06-14,'300479,神思电子,76.54,77.43,74.39,74.99,76.19,0.35,0.4594,3.9552,1740308,132699266.02,6123200000.0,3367760000.0
2016-06-13,'300479,神思电子,76.19,83.0,76.19,80.52,84.66,-8.47,-10.0047,6.9138,3042058,242777174.66,6095200000.0,3352360000.0
2016-06-08,'300479,神思电子,84.66,89.9,84.66,89.9,94.07,-9.41,-10.0032,26.6275,5325498,456969379.59,6772800000.0,1693200000.0
2016-06-07,'300479,神思电子,94.07,94.16,89.0,89.0,88.4,5.67,6.414,18.2086,3641729,334272131.32,7525600000.0,1881400000.0
2016-06-06,'300479,神思电子,88.4,90.95,88.0,90.18,91.2,-2.8,-3.0702,10.8128,2162563,193424854.95,7072000000.0,1768000000.0
2016-06-03,'300479,神思电子,91.2,92.8,89.65,91.5,92.83,-1.63,-1.7559,14.382,2876392,261735293.99,7296000000.0,1824000000.0
2016-06-02,'300479,神思电子,92.83,93.0,86.1,87.31,87.3,5.53,6.3345,17.2846,3456927,308622441.75,7426400000.0,1856600000.0
2016-06-01,'300479,神思电子,87.3,89.3,86.25,87.0,84.57,2.73,3.2281,19.1952,3839037,336532809.1,6984000000.0,1746000000.0
2016-05-31,'300479,神思电子,84.57,84.57,76.77,77.25,76.88,7.69,10.0026,13.0906,2618112,215591512.53,6765600000.0,1691400000.0
2016-05-30,'300479,神思电子,76.88,79.89,75.5,76.52,78.61,-1.73,-2.2007,5.613,1122590,87003213.63,6150400000.0,1537600000.0
2016-05-27,'300479,神思电子,78.61,80.81,78.55,79.85,79.85,-1.24,-1.5529,8.2065,1641305,130743420.64,6288800000.0,1572200000.0
2016-05-26,'300479,神思电子,79.85,80.0,73.0,75.98,76.51,3.34,4.3654,12.8571,2571415,196084862.26,6388000000.0,1597000000.0
2016-05-25,'300479,神思电子,76.51,79.88,76.02,78.82,77.91,-1.4,-1.7969,8.5119,1702377,133181413.48,6120800000.0,1530200000.0
2016-05-24,'300479,神思电子,77.91,80.5,77.07,79.95,77.7,0.21,0.2703,11.1703,2234052,176752124.95,6232800000.0,1558200000.0
2016-05-23,'300479,神思电子,77.7,78.99,75.9,77.0,75.8,1.9,2.5066,9.4973,1899463,147306305.91,6216000000.0,1554000000.0
2016-05-20,'300479,神思电子,75.8,75.89,70.9,70.9,72.68,3.12,4.2928,10.0133,2002667,147914137.65,6064000000.0,1516000000.0
2016-05-19,'300479,神思电子,72.68,74.98,69.81,70.52,69.81,2.87,4.1112,10.8523,2170466,158530233.59,5814400000.0,1453600000.0
2016-05-18,'300479,神思电子,69.81,73.0,68.69,73.0,73.88,-4.07,-5.5089,6.7997,1359937,95982281.19,5584800000.0,1396200000.0
2016-05-17,'300479,神思电子,73.88,75.45,71.03,73.0,72.95,0.93,1.2748,8.2976,1659510,121828848.93,5910400000.0,1477600000.0
2016-05-16,'300479,神思电子,72.95,72.95,70.5,70.78,70.78,2.17,3.0658,6.2793,1255860,90768587.2,5836000000.0,1459000000.0
2016-05-13,'300479,神思电子,70.78,72.49,70.11,70.55,71.14,-0.36,-0.506,4.5752,915031,65226734.85,5662400000.0,1415600000.0
2016-05-12,'300479,神思电子,71.14,71.7,66.66,70.5,71.33,-0.19,-0.2664,6.2513,1250262,87197330.89,5691200000.0,1422800000.0
2016-05-11,'300479,神思电子,71.33,75.46,71.1,74.77,74.0,-2.67,-3.6081,9.16,1832001,133846814.06,5706400000.0,1426600000.0
2016-05-10,'300479,神思电子,74.0,76.0,73.3,73.3,74.19,-0.19,-0.2561,7.8803,1576059,117802399.98,5920000000.0,1480000000.0
2016-05-09,'300479,神思电子,74.19,79.65,73.0,79.6,81.0,-6.81,-8.4074,12.7884,2557670,194241926.69,5935200000.0,1483800000.0
2016-05-06,'300479,神思电子,81.0,88.49,81.0,82.8,83.5,-2.5,-2.994,19.4513,3890257,331209086.25,6480000000.0,1620000000.0
2016-05-05,'300479,神思电子,83.5,84.32,80.8,83.21,82.11,1.39,1.6929,10.4261,2085229,172528948.03,6680000000.0,1670000000.0
2016-05-04,'300479,神思电子,82.11,84.55,81.81,82.0,80.44,1.67,2.0761,14.2335,2846695,236389264.65,6568800000.0,1642200000.0
2016-05-03,'300479,神思电子,80.44,80.44,73.14,74.85,73.13,7.31,9.9959,11.6434,2328687,180689527.16,6435200000.0,1608800000.0
2016-04-29,'300479,神思电子,73.13,74.96,73.01,73.9,74.65,-1.52,-2.0362,4.5881,917629,67847759.33,5850400000.0,1462600000.0
2016-04-28,'300479,神思电子,74.65,74.99,70.5,74.33,73.93,0.72,0.9739,8.1325,1626504,117981661.07,5972000000.0,1493000000.0
2016-04-27,'300479,神思电子,73.93,75.05,73.71,75.0,75.2,-1.27,-1.6888,4.8019,960380,71498854.28,5914400000.0,1478600000.0
2016-04-26,'300479,神思电子,75.2,75.48,73.58,74.56,74.96,0.24,0.3202,4.8564,971286,72414328.23,6016000000.0,1504000000.0
2016-04-25,'300479,神思电子,74.96,75.26,72.0,73.0,73.68,1.28,1.7372,6.8839,1376773,101802302.63,5996800000.0,1499200000.0
2016-04-22,'300479,神思电子,73.68,74.0,71.48,71.75,72.29,1.39,1.9228,7.816,1563209,114386450.02,5894400000.0,1473600000.0
2016-04-21,'300479,神思电子,72.29,76.0,71.2,75.11,75.01,-2.72,-3.6262,8.241,1648191,122938733.29,5783200000.0,1445800000.0
2016-04-20,'300479,神思电子,75.01,84.55,74.87,84.13,83.19,-8.18,-9.8329,14.4443,2888863,224403345.12,6000800000.0,1500200000.0
2016-04-19,'300479,神思电子,83.19,85.5,81.66,84.16,83.56,-0.37,-0.4428,8.1245,1624896,135772042.98,6655200000.0,1663800000.0
2016-04-18,'300479,神思电子,83.56,87.6,82.88,87.06,88.02,-4.46,-5.067,9.4659,1893180,159825663.7,6684800000.0,1671200000.0
2016-04-15,'300479,神思电子,88.02,89.18,87.08,88.31,88.5,-0.48,-0.5424,5.9007,1180149,103920039.63,7041600000.0,1760400000.0
2016-04-14,'300479,神思电子,88.5,89.48,86.6,88.0,88.38,0.12,0.1358,7.832,1566391,138039953.87,7080000000.0,1770000000.0
2016-04-13,'300479,神思电子,88.38,91.5,84.84,87.6,86.68,1.7,1.9612,13.603,2720599,239097298.3,7070400000.0,1767600000.0
2016-04-12,'300479,神思电子,86.68,91.4,85.0,90.0,91.82,-5.14,-5.5979,11.4374,2287470,201535040.24,6934400000.0,1733600000.0
2016-04-11,'300479,神思电子,91.82,94.72,90.15,90.15,90.0,1.82,2.0222,13.4194,2683878,248889960.63,7345600000.0,1836400000.0
2016-04-08,'300479,神思电子,90.0,95.18,89.01,90.97,92.52,-2.52,-2.7237,16.9991,3399824,312316491.31,7200000000.0,1800000000.0
2016-04-07,'300479,神思电子,92.52,97.5,90.13,90.13,90.1,2.42,2.6859,18.2164,3643282,342884605.87,7401600000.0,1850400000.0
2016-04-06,'300479,神思电子,90.1,92.0,85.5,86.25,86.76,3.34,3.8497,15.3368,3067363,274389629.19,7208000000.0,1802000000.0
2016-04-05,'300479,神思电子,86.76,88.93,80.1,84.75,84.94,1.82,2.1427,15.7569,3151381,266912099.73,6940800000.0,1735200000.0
2016-04-01,'300479,神思电子,84.94,86.53,82.5,83.9,84.02,0.92,1.095,12.9536,2590724,220669394.46,6795200000.0,1698800000.0
2016-03-31,'300479,神思电子,84.02,90.9,83.9,86.0,84.51,-0.49,-0.5798,22.4514,4490274,391867275.53,6721600000.0,1680400000.0
2016-03-30,'300479,神思电子,84.51,84.51,76.9,77.89,76.83,7.68,9.9961,15.1356,3027122,244233643.36,6760800000.0,1690200000.0
2016-03-29,'300479,神思电子,76.83,81.2,74.18,80.56,80.42,-3.59,-4.4641,10.5856,2117113,163767080.43,6146400000.0,1536600000.0
2016-03-28,'300479,神思电子,80.42,84.98,79.6,82.0,80.38,0.04,0.0498,11.0887,2217733,182410410.12,6433600000.0,1608400000.0
2016-03-25,'300479,神思电子,80.38,80.65,77.5,78.5,79.3,1.08,1.3619,8.9879,1797583,142279121.78,6430400000.0,1607600000.0
2016-03-24,'300479,神思电子,79.3,82.7,78.88,82.0,82.8,-3.5,-4.2271,15.8722,3174432,255115241.85,6344000000.0,1586000000.0
2016-03-23,'300479,神思电子,82.8,84.1,76.11,76.31,76.45,6.35,8.3061,19.0783,3815651,310863861.42,6624000000.0,1656000000.0
2016-03-22,'300479,神思电子,76.45,77.7,75.4,76.0,78.0,-1.55,-1.9872,10.534,2106790,161877694.14,6116000000.0,1529000000.0
2016-03-21,'300479,神思电子,78.0,79.0,75.3,76.8,75.96,2.04,2.6856,15.4027,3080546,237675000.66,6240000000.0,1560000000.0
2016-03-18,'300479,神思电子,75.96,78.8,73.04,74.3,74.18,1.78,2.3996,17.5671,3513422,267781761.54,6076800000.0,1519200000.0
2016-03-17,'300479,神思电子,74.18,75.23,67.52,68.0,68.4,5.78,8.4503,18.4834,3696670,266089885.71,5934400000.0,1483600000.0
2016-03-16,'300479,神思电子,68.4,71.8,66.81,70.99,69.8,-1.4,-2.0057,15.6015,3120298,214699352.33,5472000000.0,1368000000.0
2016-03-15,'300479,神思电子,69.8,73.89,69.23,72.0,70.72,-0.92,-1.3009,20.9328,4186558,301725469.62,5584000000.0,1396000000.0
2016-03-14,'300479,神思电子,70.72,70.72,66.8,66.8,64.29,6.43,10.0016,10.0693,2013861,140706266.62,5657600000.0,1414400000.0
2016-03-11,'300479,神思电子,64.29,64.88,60.03,60.81,62.32,1.97,3.1611,10.027,2005396,126420885.21,5143200000.0,1285800000.0
2016-03-10,'300479,神思电子,62.32,65.49,61.71,64.3,64.0,-1.68,-2.625,7.4943,1498858,95097042.55,4985600000.0,1246400000.0
2016-03-09,'300479,神思电子,64.0,67.02,63.03,64.0,66.83,-2.83,-4.2346,9.9196,1983914,128996347.55,5120000000.0,1280000000.0
2016-03-08,'300479,神思电子,66.83,68.0,57.5,63.0,63.69,3.14,4.9301,14.3288,2865759,180664575.38,5346400000.0,1336600000.0
2016-03-07,'300479,神思电子,63.69,66.48,61.0,61.0,60.85,2.84,4.6672,11.2401,2248021,144616290.3,5095200000.0,1273800000.0
2016-03-04,'300479,神思电子,60.85,66.6,60.8,66.6,67.55,-6.7,-9.9186,14.6749,2934988,184589680.06,4868000000.0,1217000000.0
2016-03-03,'300479,神思电子,67.55,72.56,67.17,68.77,69.91,-2.36,-3.3758,12.6831,2536626,177196738.02,5404000000.0,1351000000.0
2016-03-02,'300479,神思电子,69.91,71.55,65.01,66.79,67.6,2.31,3.4172,15.8942,3178839,216792041.94,5592800000.0,1398200000.0
2016-03-01,'300479,神思电子,67.6,69.68,61.51,63.8,65.84,1.76,2.6731,12.262,2452404,160383698.86,5408000000.0,1352000000.0
2016-02-29,'300479,神思电子,65.84,72.89,65.84,71.78,73.15,-7.31,-9.9932,9.6025,1920492,128857552.02,5267200000.0,1316800000.0
2016-02-26,'300479,神思电子,73.15,77.88,70.11,76.33,76.14,-2.99,-3.927,10.225,2044994,151295764.13,5852000000.0,1463000000.0
2016-02-25,'300479,神思电子,76.14,83.51,76.14,83.0,84.6,-8.46,-10.0,13.2927,2658531,209358133.48,6091200000.0,1522800000.0
2016-02-24,'300479,神思电子,84.6,88.65,80.42,88.65,89.36,-4.76,-5.3268,18.0059,3601185,299742233.75,6768000000.0,1692000000.0
2016-02-23,'300479,神思电子,89.36,91.11,86.0,89.42,89.01,0.35,0.3932,11.6934,2338672,207607401.14,7148800000.0,1787200000.0
2016-02-22,'300479,神思电子,89.01,92.22,88.33,89.53,88.6,0.41,0.4628,12.3742,2474843,222075104.36,7120800000.0,1780200000.0
2016-02-19,'300479,神思电子,88.6,91.55,87.65,91.51,90.6,-2.0,-2.2075,16.7719,3354376,298114174.6,7088000000.0,1772000000.0
2016-02-18,'300479,神思电子,90.6,94.5,89.07,92.86,93.49,-2.89,-3.0912,12.4861,2497211,227790237.04,7248000000.0,1812000000.0
2016-02-17,'300479,神思电子,93.49,93.97,90.0,90.01,85.43,8.06,9.4346,18.5849,3716981,342930558.26,7479200000.0,1869800000.0
2016-02-16,'300479,神思电子,85.43,85.43,78.5,78.73,77.66,7.77,10.0052,9.6284,1925676,159685353.24,6834400000.0,1708600000.0
2016-02-15,'300479,神思电子,77.66,78.99,71.02,74.0,76.79,0.87,1.133,8.6845,1736892,129672137.41,6212800000.0,1553200000.0
2016-02-05,'300479,神思电子,76.79,80.86,76.45,80.01,78.76,-1.97,-2.5013,12.6619,2532384,200484666.99,6143200000.0,1535800000.0
2016-02-04,'300479,神思电子,78.76,78.76,71.6,71.68,71.6,7.16,10.0,16.5138,3302765,256730374.53,6300800000.0,1575200000.0
2016-02-03,'300479,神思电子,71.6,71.99,67.0,68.0,69.98,1.62,2.3149,7.1764,1435284,99019876.95,5728000000.0,1432000000.0
2016-02-02,'300479,神思电子,69.98,72.46,66.9,67.0,66.78,3.2,4.7919,9.0745,1814893,127692480.3,5598400000.0,1399600000.0
2016-02-01,'300479,神思电子,66.78,70.6,64.1,70.6,71.0,-4.22,-5.9437,8.0373,1607466,109662747.14,5342400000.0,1335600000.0
2016-01-29,'300479,神思电子,71.0,73.66,66.08,66.73,69.3,1.7,2.4531,9.441,1888197,132849160.08,5680000000.0,1420000000.0
2016-01-28,'300479,神思电子,69.3,74.0,69.3,73.2,77.0,-7.7,-10.0,11.265,2253008,159771629.69,5544000000.0,1386000000.0
2016-01-27,'300479,神思电子,77.0,77.5,68.0,75.1,74.93,2.07,2.7626,11.1269,2225379,161344370.55,6160000000.0,1540000000.0
2016-01-26,'300479,神思电子,74.93,82.5,74.93,82.49,83.26,-8.33,-10.0048,9.6539,1930773,151717089.98,5994400000.0,1498600000.0
2016-01-25,'300479,神思电子,83.26,86.48,81.13,83.5,82.39,0.87,1.056,12.524,2504802,209669511.57,6660800000.0,1665200000.0
2016-01-22,'300479,神思电子,82.39,82.39,75.0,77.0,74.9,7.49,10.0,14.1523,2830455,225246095.88,6591200000.0,1647800000.0
2016-01-21,'300479,神思电子,74.9,82.5,74.01,79.3,80.01,-5.11,-6.3867,11.6677,2333531,185559118.83,5992000000.0,1498000000.0
2016-01-20,'300479,神思电子,80.01,82.5,76.06,76.06,77.84,2.17,2.7878,17.3259,3465187,276736935.4,6400800000.0,1600200000.0
2016-01-19,'300479,神思电子,77.84,77.84,71.0,71.15,70.76,7.08,10.0057,16.2456,3249119,242159916.89,6227200000.0,1556800000.0
2016-01-18,'300479,神思电子,70.76,72.98,64.5,64.7,68.16,2.6,3.8146,11.478,2295596,160297689.06,5660800000.0,1415200000.0
2016-01-15,'300479,神思电子,68.16,74.97,67.62,74.0,75.13,-6.97,-9.2773,15.8844,3176887,225283705.01,5452800000.0,1363200000.0
2016-01-14,'300479,神思电子,75.13,76.48,66.18,66.3,69.56,5.57,8.0075,11.4804,2296086,165490006.89,6010400000.0,1502600000.0
2016-01-13,'300479,神思电子,69.56,76.75,69.02,74.48,74.49,-4.93,-6.6183,9.5999,1919977,140143393.15,5564800000.0,1391200000.0
2016-01-12,'300479,神思电子,74.49,77.98,73.45,73.9,75.6,-1.11,-1.4683,8.5154,1703073,128766861.17,5959200000.0,1489800000.0
2016-01-11,'300479,神思电子,75.6,81.94,75.6,80.0,84.0,-8.4,-10.0,9.0263,1805256,140589849.03,6048000000.0,1512000000.0
2016-01-08,'300479,神思电子,84.0,91.0,80.0,91.0,86.68,-2.68,-3.0918,9.8721,1974422,169920128.91,6720000000.0,1680000000.0
2016-01-07,'300479,神思电子,86.68,92.93,86.68,92.0,96.31,-9.63,-9.999,2.5437,508740,45678737.0,6934400000.0,1733600000.0
2016-01-06,'300479,神思电子,96.31,97.68,88.01,92.22,91.0,5.31,5.8352,10.9754,2195087,204773494.17,7704800000.0,1926200000.0
2016-01-05,'300479,神思电子,91.0,95.59,87.89,90.22,97.65,-6.65,-6.81,13.0587,2611739,239192591.54,7280000000.0,1820000000.0
2016-01-04,'300479,神思电子,97.65,106.92,97.65,106.0,108.5,-10.85,-10.0,8.3137,1662742,165637736.0,7812000000.0,1953000000.0
2015-12-31,'300479,神思电子,108.5,112.0,104.0,111.0,112.49,-3.99,-3.547,11.19,2237991,240171580.43,8680000000.0,2170000000.0
2015-12-30,'300479,神思电子,112.49,116.51,111.8,113.47,112.0,0.49,0.4375,6.5735,1314691,149409343.89,8999200000.0,2249800000.0
2015-12-29,'300479,神思电子,112.0,118.0,108.55,116.69,119.0,-7.0,-5.8824,11.9452,2389047,270054579.44,8960000000.0,2240000000.0
2015-12-28,'300479,神思电子,119.0,130.5,119.0,122.0,123.7,-4.7,-3.7995,13.5264,2705286,339821847.91,9520000000.0,2380000000.0
2015-12-25,'300479,神思电子,123.7,132.6,118.59,120.5,121.88,1.82,1.4933,14.0659,2813186,353222355.27,9896000000.0,2474000000.0
2015-12-24,'300479,神思电子,121.88,122.99,112.6,114.3,115.99,5.89,5.078,10.7938,2158756,253560841.37,9750400000.0,2437600000.0
2015-12-23,'300479,神思电子,115.99,124.0,114.01,123.0,119.79,-3.8,-3.1722,16.5329,3306580,394833412.66,9279200000.0,2319800000.0
2015-12-22,'300479,神思电子,119.79,119.79,107.3,109.2,108.9,10.89,10.0,14.7856,2957110,342175530.92,9583200000.0,2395800000.0
2015-12-21,'300479,神思电子,108.9,115.95,104.2,104.5,105.6,3.3,3.125,13.2351,2647011,293736201.22,8712000000.0,2178000000.0
2015-12-18,'300479,神思电子,105.6,108.8,103.08,108.0,108.0,-2.4,-2.2222,9.4148,1882950,198168758.36,8448000000.0,2112000000.0
2015-12-17,'300479,神思电子,108.0,110.1,101.7,102.5,100.48,7.52,7.4841,13.0812,2616232,276263767.33,8640000000.0,2160000000.0
2015-12-16,'300479,神思电子,100.48,103.16,98.93,98.93,98.47,2.01,2.0412,9.2749,1854977,188113939.46,8038400000.0,2009600000.0
2015-12-15,'300479,神思电子,98.47,101.1,97.8,99.0,100.35,-1.88,-1.8734,9.0954,1819087,180433259.04,7877600000.0,1969400000.0
2015-12-14,'300479,神思电子,100.35,101.5,94.86,100.8,105.4,-5.05,-4.7913,18.2766,3655314,354772906.34,8028000000.0,2007000000.0
2015-12-11,'300479,神思电子,105.4,109.4,98.3,99.69,99.45,5.95,5.9829,23.0269,4605378,492822205.62,8432000000.0,2108000000.0
2015-12-10,'300479,神思电子,99.45,103.55,98.11,102.5,104.01,-4.56,-4.3842,8.8115,1762301,177146161.68,7956000000.0,1989000000.0
2015-12-09,'300479,神思电子,104.01,106.26,96.04,97.9,99.88,4.13,4.135,14.1959,2839180,286295739.69,8320800000.0,2080200000.0
2015-12-08,'300479,神思电子,99.88,103.4,95.52,96.2,94.0,5.88,6.2553,14.9776,2995517,300695432.14,7990400000.0,1997600000.0
2015-12-07,'300479,神思电子,94.0,95.2,91.01,92.7,92.9,1.1,1.1841,6.5854,1317085,122742513.84,7520000000.0,1880000000.0
2015-12-04,'300479,神思电子,92.9,97.59,91.15,95.6,95.76,-2.86,-2.9866,7.1549,1430976,135630136.36,7432000000.0,1858000000.0
2015-12-03,'300479,神思电子,95.76,96.99,91.01,91.01,91.48,4.28,4.6786,6.6294,1325877,124660163.98,7660800000.0,1915200000.0
2015-12-02,'300479,神思电子,91.48,95.88,87.3,93.39,97.0,-5.52,-5.6907,9.1997,1839943,167815557.48,7318400000.0,1829600000.0
2015-12-01,'300479,神思电子,97.0,106.88,95.82,105.61,106.47,-9.47,-8.8945,17.1285,3425690,344742472.18,7760000000.0,1940000000.0
2015-11-30,'300479,神思电子,106.47,106.47,96.9,97.11,96.8,9.67,9.9897,15.816,3163191,321569436.32,8517600000.0,2129400000.0
2015-11-27,'300479,神思电子,96.8,101.6,94.12,94.89,97.0,-0.2,-0.2062,13.0777,2615532,256929013.82,7744000000.0,1936000000.0
2015-11-26,'300479,神思电子,97.0,103.5,96.6,98.5,99.89,-2.89,-2.8932,11.3604,2272083,226387914.39,7760000000.0,1940000000.0
2015-11-25,'300479,神思电子,99.89,103.75,96.01,98.07,97.46,2.43,2.4933,15.5606,3112114,311017320.91,7991200000.0,1997800000.0
2015-11-24,'300479,神思电子,97.46,97.46,90.66,91.58,88.6,8.86,10.0,15.2404,3048084,289165688.12,7796800000.0,1949200000.0
2015-11-23,'300479,神思电子,88.6,94.39,88.18,93.57,94.82,-6.22,-6.5598,12.7503,2550066,232522708.22,7088000000.0,1772000000.0
2015-11-20,'300479,神思电子,94.82,97.9,91.5,95.01,95.56,-0.74,-0.7744,13.508,2701595,255722735.55,7585600000.0,1896400000.0
2015-11-19,'300479,神思电子,95.56,96.16,89.78,90.98,89.2,6.36,7.13,11.874,2374790,220093297.05,7644800000.0,1911200000.0
2015-11-18,'300479,神思电子,89.2,96.5,89.05,95.39,96.0,-6.8,-7.0833,13.0528,2610555,239477889.59,7136000000.0,1784000000.0
2015-11-17,'300479,神思电子,96.0,104.08,95.38,100.0,98.01,-2.01,-2.0508,16.5254,3305083,326887474.34,7680000000.0,1920000000.0
2015-11-16,'300479,神思电子,98.01,101.78,91.99,91.99,99.89,-1.88,-1.8821,12.8131,2562615,250701478.76,7840800000.0,1960200000.0
2015-11-13,'300479,神思电子,99.89,109.01,99.89,109.0,110.99,-11.1,-10.0009,16.2467,3249336,330998733.76,7991200000.0,1997800000.0
2015-11-12,'300479,神思电子,110.99,116.2,107.46,110.81,111.35,-0.36,-0.3233,18.4226,3684511,408241404.18,8879200000.0,2219800000.0
2015-11-11,'300479,神思电子,111.35,113.88,100.6,103.0,104.5,6.85,6.555,15.5828,3116568,336689194.14,8908000000.0,2227000000.0
2015-11-10,'300479,神思电子,104.5,106.0,97.08,100.01,101.68,2.82,2.7734,16.7851,3357012,340047435.64,8360000000.0,2090000000.0
2015-11-09,'300479,神思电子,101.68,106.79,94.0,97.0,97.08,4.6,4.7384,19.4496,3889929,395425373.56,8134400000.0,2033600000.0
2015-11-06,'300479,神思电子,97.08,97.08,87.33,87.33,88.25,8.83,10.0057,17.4075,3481491,327668901.72,7766400000.0,1941600000.0
2015-11-05,'300479,神思电子,88.25,91.9,86.8,88.54,90.2,-1.95,-2.1619,13.7463,2749256,244550971.77,7060000000.0,1765000000.0
2015-11-04,'300479,神思电子,90.2,92.28,86.0,87.5,86.49,3.71,4.2895,12.039,2407809,214647660.78,7216000000.0,1804000000.0
2015-11-03,'300479,神思电子,86.49,89.99,84.6,88.01,89.0,-2.51,-2.8202,13.281,2656195,232772183.92,6919200000.0,1729800000.0
2015-11-02,'300479,神思电子,89.0,94.74,80.1,83.0,86.13,2.87,3.3322,20.462,4092406,369270961.91,7120000000.0,1780000000.0
2015-10-30,'300479,神思电子,86.13,87.78,76.22,79.76,79.8,6.33,7.9323,16.6017,3320347,274289459.71,6890400000.0,1722600000.0
2015-10-29,'300479,神思电子,79.8,83.0,75.88,76.41,76.19,3.61,4.7382,12.3141,2462810,192716069.33,6384000000.0,1596000000.0
2015-10-28,'300479,神思电子,76.19,81.44,75.3,77.9,77.95,-1.76,-2.2579,15.6942,3138846,245750464.68,6095200000.0,1523800000.0
2015-10-27,'300479,神思电子,77.95,77.95,67.8,69.31,70.86,7.09,10.0056,15.0339,3006778,219570816.33,6236000000.0,1559000000.0
2015-10-26,'300479,神思电子,70.86,70.86,66.0,68.0,64.42,6.44,9.9969,14.9992,2999841,209598937.79,5668800000.0,1417200000.0
2015-10-23,'300479,神思电子,64.42,65.14,61.4,61.58,60.85,3.57,5.8669,10.8046,2160911,137495405.92,5153600000.0,1288400000.0
2015-10-22,'300479,神思电子,60.85,61.58,58.58,59.0,58.34,2.51,4.3024,9.8178,1963562,118290910.6,4868000000.0,1217000000.0
2015-10-21,'300479,神思电子,58.34,64.75,58.34,64.02,64.82,-6.48,-9.9969,12.8984,2579673,158615265.64,4667200000.0,1166800000.0
2015-10-20,'300479,神思电子,64.82,66.0,61.7,62.9,62.71,2.11,3.3647,10.644,2128792,136614009.14,5185600000.0,1296400000.0
2015-10-19,'300479,神思电子,62.71,66.39,62.2,62.87,62.7,0.01,0.0159,11.488,2297593,147081804.08,5016800000.0,1254200000.0
2015-10-16,'300479,神思电子,62.7,64.5,61.5,64.0,64.59,-1.89,-2.9261,17.7633,3552667,222119334.97,5016000000.0,1254000000.0
2015-10-15,'300479,神思电子,64.59,64.59,57.58,58.6,58.72,5.87,9.9966,11.6915,2338308,145873245.24,5167200000.0,1291800000.0
2015-10-14,'300479,神思电子,58.72,60.18,55.6,56.75,57.12,1.6,2.8011,8.806,1761198,102415030.99,4697600000.0,1174400000.0
2015-10-13,'300479,神思电子,57.12,57.81,55.0,55.09,55.6,1.52,2.7338,6.7097,1341939,76120633.07,4569600000.0,1142400000.0
2015-10-12,'300479,神思电子,55.6,57.79,53.58,53.6,53.61,1.99,3.712,9.3451,1869021,104760147.58,4448000000.0,1112000000.0
2015-10-09,'300479,神思电子,53.61,53.99,51.0,51.29,51.5,2.11,4.0971,7.5591,1511813,79307569.59,4288800000.0,1072200000.0
2015-10-08,'300479,神思电子,51.5,52.33,49.2,50.6,48.7,2.8,5.7495,8.3717,1674341,85965122.03,4120000000.0,1030000000.0
2015-09-30,'300479,神思电子,48.7,51.6,47.7,51.02,50.69,-1.99,-3.9258,7.4311,1486216,73259762.17,3896000000.0,974000000.0
2015-09-29,'300479,神思电子,50.69,51.75,49.3,49.4,50.51,0.18,0.3564,8.4372,1687435,85538023.67,4055200000.0,1013800000.0
2015-09-28,'300479,神思电子,50.51,50.51,45.99,45.99,45.92,4.59,9.9956,6.5548,1310967,64030532.34,4040800000.0,1010200000.0
2015-09-25,'300479,神思电子,45.92,49.83,45.1,49.29,49.39,-3.47,-7.0257,5.931,1186190,56320385.0,3673600000.0,918400000.0
2015-09-24,'300479,神思电子,49.39,51.5,48.49,49.42,49.3,0.09,0.1826,5.8088,1161750,58055967.3,3951200000.0,987800000.0
2015-09-23,'300479,神思电子,49.3,50.8,47.95,47.96,50.14,-0.84,-1.6753,7.3588,1471753,72668593.06,3944000000.0,986000000.0
2015-09-22,'300479,神思电子,50.14,51.33,48.8,49.25,49.28,0.86,1.7451,9.5167,1903339,95032083.41,4011200000.0,1002800000.0
2015-09-21,'300479,神思电子,49.28,49.45,45.61,46.0,46.9,2.38,5.0746,8.3621,1672410,79655888.9,3942400000.0,985600000.0
2015-09-18,'300479,神思电子,46.9,47.38,44.0,45.25,44.3,2.6,5.8691,9.023,1804600,81805366.66,3752000000.0,938000000.0
2015-09-17,'300479,神思电子,44.3,46.59,42.0,42.88,42.35,1.95,4.6045,10.8804,2176076,97960995.9,3544000000.0,886000000.0
2015-09-16,'300479,神思电子,42.35,42.35,39.01,39.5,38.5,3.85,10.0,5.7308,1146168,46541805.3,3388000000.0,847000000.0
2015-09-15,'300479,神思电子,38.5,41.22,38.17,39.1,40.92,-2.42,-5.914,3.4249,684980,26955477.9,3080000000.0,770000000.0
2015-09-14,'300479,神思电子,40.92,45.5,40.92,45.5,45.47,-4.55,-10.0066,4.8973,979460,42114356.8,3273600000.0,818400000.0
2015-09-11,'300479,神思电子,45.47,46.4,44.25,44.3,44.3,1.17,2.6411,5.108,1021592,46440593.02,3637600000.0,909400000.0
2015-09-10,'300479,神思电子,44.3,46.05,44.3,45.0,46.16,-1.86,-4.0295,4.8898,977959,44018515.42,3544000000.0,886000000.0
2015-09-09,'300479,神思电子,46.16,46.31,42.55,42.6,42.1,4.06,9.6437,10.4734,2094686,94093781.05,3692800000.0,923200000.0
2015-09-08,'300479,神思电子,42.1,42.11,37.77,38.1,38.39,3.71,9.664,5.8618,1172361,47119661.17,3368000000.0,842000000.0
2015-09-07,'300479,神思电子,38.39,39.8,37.42,37.42,36.61,1.78,4.8621,4.9451,989022,38288975.0,3071200000.0,767800000.0
2015-09-02,'300479,神思电子,36.61,41.45,35.8,36.0,38.84,-2.23,-5.7415,6.7501,1350029,51379192.97,2928800000.0,732200000.0
2015-09-01,'300479,神思电子,38.84,41.99,38.84,41.99,43.15,-4.31,-9.9884,5.7705,1154091,45942510.64,3107200000.0,776800000.0
2015-08-31,'300479,神思电子,43.15,46.98,43.15,46.79,47.94,-4.79,-9.9917,7.035,1407009,63771883.45,3452000000.0,863000000.0
2015-08-28,'300479,神思电子,47.94,48.43,44.2,46.6,45.8,2.14,4.6725,10.0683,2013658,92920662.14,3835200000.0,958800000.0
2015-08-27,'300479,神思电子,45.8,45.8,41.88,44.8,43.6,2.2,5.0459,7.6871,1537419,68229689.64,3664000000.0,916000000.0
2015-08-26,'300479,神思电子,43.6,46.74,42.53,44.27,42.53,1.07,2.5159,10.6761,2135228,95507618.48,3488000000.0,872000000.0
2015-08-25,'300479,神思电子,42.53,47.18,40.2,40.2,44.64,-2.11,-4.7267,10.2344,2046882,88713121.03,3402400000.0,850600000.0
2015-08-24,'300479,神思电子,44.64,46.8,44.64,46.55,49.6,-4.96,-10.0,4.9945,998900,44873738.0,3571200000.0,892800000.0
2015-08-21,'300479,神思电子,49.6,53.32,49.01,52.2,54.1,-4.5,-8.3179,6.367,1273400,65198727.9,3968000000.0,992000000.0
2015-08-20,'300479,神思电子,54.1,57.48,53.68,56.0,57.0,-2.9,-5.0877,5.3243,1064854,59259946.15,4328000000.0,1082000000.0
2015-08-19,'300479,神思电子,57.0,57.79,51.56,55.0,56.75,0.25,0.4405,7.753,1550600,85928958.5,4560000000.0,1140000000.0
2015-08-18,'300479,神思电子,56.75,65.1,56.58,62.0,62.78,-6.03,-9.605,8.3683,1673655,102695709.19,4540000000.0,1135000000.0
2015-08-17,'300479,神思电子,62.78,66.4,62.15,65.43,66.48,-3.7,-5.5656,6.1283,1225658,77624051.54,5022400000.0,1255600000.0
2015-08-14,'300479,神思电子,66.48,69.01,66.21,67.99,68.05,-1.57,-2.3071,6.1509,1230188,83366506.7,5318400000.0,1329600000.0
2015-08-13,'300479,神思电子,68.05,68.96,65.3,66.8,67.5,0.55,0.8148,7.1129,1422576,95603043.16,5444000000.0,1361000000.0
2015-08-12,'300479,神思电子,67.5,71.5,67.5,69.02,69.89,-2.39,-3.4197,8.2976,1659514,114415185.32,5400000000.0,1350000000.0
2015-08-11,'300479,神思电子,69.89,72.98,69.22,69.9,70.05,-0.16,-0.2284,10.3193,2063861,146442946.87,5591200000.0,1397800000.0
2015-08-10,'300479,神思电子,70.05,71.36,66.71,67.5,66.2,3.85,5.8157,10.4521,2090425,144907869.84,5604000000.0,1401000000.0
2015-08-07,'300479,神思电子,66.2,67.5,62.2,63.01,62.2,4.0,6.4309,9.8896,1977920,129136634.93,5296000000.0,1324000000.0
2015-08-06,'300479,神思电子,62.2,66.1,61.45,64.03,67.02,-4.82,-7.1919,8.6975,1739499,111326496.34,4976000000.0,1244000000.0
2015-08-05,'300479,神思电子,67.02,68.65,63.0,64.0,64.97,2.05,3.1553,12.9226,2584519,170002952.87,5361600000.0,1340400000.0
2015-08-04,'300479,神思电子,64.97,65.35,59.0,62.0,61.0,3.97,6.5082,12.2224,2444470,153553630.73,5197600000.0,1299400000.0
2015-08-03,'300479,神思电子,61.0,68.18,60.65,65.8,67.39,-6.39,-9.4821,13.3595,2671898,170133420.49,4880000000.0,1220000000.0
2015-07-31,'300479,神思电子,67.39,72.7,66.0,66.37,69.35,-1.96,-2.8262,12.6488,2529757,173518460.16,5391200000.0,1347800000.0
2015-07-30,'300479,神思电子,69.35,77.7,69.01,69.5,71.98,-2.63,-3.6538,15.4848,3096954,225603883.84,5548000000.0,1387000000.0
2015-07-29,'300479,神思电子,71.98,71.98,60.3,67.95,65.44,6.54,9.9939,15.0015,3000297,198996953.8,5758400000.0,1439600000.0
2015-07-28,'300479,神思电子,65.44,72.8,63.42,65.01,70.47,-5.03,-7.1378,15.4566,3091328,205089099.92,5235200000.0,1308800000.0
2015-07-27,'300479,神思电子,70.47,80.8,70.47,75.0,78.3,-7.83,-10.0,15.3938,3078768,232747415.99,5637600000.0,1409400000.0
2015-07-24,'300479,神思电子,78.3,86.0,76.1,80.5,79.59,-1.29,-1.6208,21.1309,4226177,347227358.54,6264000000.0,1566000000.0
2015-07-23,'300479,神思电子,79.59,79.59,70.68,71.94,72.35,7.24,10.0069,17.2778,3455568,263297774.16,6367200000.0,1591800000.0
2015-07-22,'300479,神思电子,72.35,73.5,65.5,67.5,68.21,4.14,6.0695,15.9723,3194450,221796695.11,5788000000.0,1447000000.0
2015-07-21,'300479,神思电子,68.21,71.54,63.27,63.45,66.1,2.11,3.1921,19.5063,3901257,260486744.05,5456800000.0,1364200000.0
2015-07-20,'300479,神思电子,66.1,66.1,58.5,60.0,60.09,6.01,10.0017,21.6478,4329560,269472702.7,5288000000.0,1322000000.0
2015-07-17,'300479,神思电子,60.09,62.03,55.22,57.28,56.39,3.7,6.5614,15.4503,3090061,183603866.92,4807200000.0,1201800000.0
2015-07-16,'300479,神思电子,56.39,61.1,50.89,50.9,56.54,-0.15,-0.2653,17.3544,3470878,193515045.97,4511200000.0,1127800000.0
2015-07-15,'300479,神思电子,56.54,63.8,56.54,61.0,62.82,-6.28,-9.9968,23.7449,4748982,282278692.25,4523200000.0,1130800000.0
2015-07-14,'300479,神思电子,62.82,62.82,60.5,62.82,57.11,5.71,9.9982,4.4989,899778,56492595.96,5025600000.0,1256400000.0
2015-07-13,'300479,神思电子,57.11,57.11,57.11,57.11,51.92,5.19,9.9961,4.8464,969283,55355752.13,4568800000.0,1142200000.0
2015-07-10,'300479,神思电子,51.92,51.92,50.28,51.92,47.2,4.72,10.0,4.0593,811850,42064972.8,4153600000.0,1038400000.0
2015-07-09,'300479,神思电子,47.2,47.2,42.2,42.2,42.91,4.29,9.9977,15.935,3186996,147451858.82,3776000000.0,944000000.0
2015-07-08,'300479,神思电子,42.91,43.9,42.91,42.91,47.68,-4.77,-10.0042,31.2585,6251709,268708197.1,3432800000.0,858200000.0
2015-07-07,'300479,神思电子,47.68,50.99,47.68,47.7,52.98,-5.3,-10.0038,9.5785,1915700,91743638.0,3814400000.0,953600000.0
2015-07-06,'300479,神思电子,52.98,54.29,49.95,54.29,49.35,3.63,7.3556,49.4549,9890981,532053657.14,4238400000.0,1059600000.0
2015-07-03,'300479,神思电子,49.35,58.0,49.31,49.31,54.79,-5.44,-9.9288,42.6252,8525037,434227918.13,3948000000.0,987000000.0
2015-07-02,'300479,神思电子,54.79,54.79,47.2,54.79,49.81,4.98,9.998,60.2541,12050818,636709274.06,4383200000.0,1095800000.0
2015-07-01,'300479,神思电子,49.81,49.81,49.81,49.81,45.28,4.53,10.0044,0.367,73398,3655954.38,3984800000.0,996200000.0
2015-06-30,'300479,神思电子,45.28,45.28,45.28,45.28,41.16,4.12,10.0097,4.466,893204,40444277.12,3622400000.0,905600000.0
2015-06-29,'300479,神思电子,41.16,41.16,41.16,41.16,37.42,3.74,9.9947,3.0831,616610,25379667.6,3292800000.0,823200000.0
2015-06-26,'300479,神思电子,37.42,37.42,37.42,37.42,34.02,3.4,9.9941,0.45,90000,3367800.0,2993600000.0,748400000.0
2015-06-25,'300479,神思电子,34.02,34.02,34.02,34.02,30.93,3.09,9.9903,0.0165,3300,112266.0,2721600000.0,680400000.0
2015-06-24,'300479,神思电子,30.93,30.93,30.93,30.93,28.12,2.81,9.9929,0.0105,2100,64953.0,2474400000.0,618600000.0
2015-06-23,'300479,神思电子,28.12,28.12,28.12,28.12,25.56,2.56,10.0156,0.014,2800,78736.0,2249600000.0,562400000.0
2015-06-19,'300479,神思电子,25.56,25.56,25.56,25.56,23.24,2.32,9.9828,0.0865,17300,442188.0,2044800000.0,511200000.0
2015-06-18,'300479,神思电子,23.24,23.24,23.24,23.24,21.13,2.11,9.9858,0.01,2000,46480.0,1859200000.0,464800000.0
2015-06-17,'300479,神思电子,21.13,21.13,21.13,21.13,19.21,1.92,9.9948,0.0175,3500,73955.0,1690400000.0,422600000.0
2015-06-16,'300479,神思电子,19.21,19.21,19.21,19.21,17.46,1.75,10.0229,0.0075,1500,28815.0,1536800000.0,384200000.0
2015-06-15,'300479,神思电子,17.46,17.46,17.46,17.46,15.87,1.59,10.0189,0.008,1600,27936.0,1396800000.0,349200000.0
2015-06-12,'300479,N神思,15.87,15.87,14.54,14.54,11.02,4.85,44.0109,0.0075,1500,23140.0,1269600000.0,317400000.0
2015-06-03,'300479,神思电子,0.0,0.0,0.0,0.0,11.02,None,None,0.0,0,0.0,661200000.0,0.0
